   10000      6.455676      4.428621
   10020      6.053356      4.432676
   10040      6.316805      4.437308
   10060      6.113305      4.422220
   10080      6.274272      4.431375
   10100      6.100776      4.422337
   10120      6.262357      4.429092
   10140      6.467810      4.415047
   10160      6.065044      4.427436
   10180      6.319190      4.408163
   10200      6.402706      4.410790
   10220      6.409639      4.415959
   10240      6.157627      4.425615
   10260      6.332476      4.415570
   10280      6.253931      4.416138
   10300      6.379817      4.408994
   10320      6.285841      4.412733
   10340      6.126132      4.419047
   10360      5.995267      4.408855
   10380      6.534412      4.413618
   10400      6.048086      4.396224
   10420      6.065634      4.395402
   10440      6.190208      4.395713
   10460      6.111083      4.398391
   10480      6.483937      4.400238
   10500      6.185959      4.387023
   10520      6.366525      4.393718
   10540      6.296248      4.405333
   10560      6.234751      4.404155
   10580      6.185777      4.407100
   10600      6.130088      4.392997
   10620      6.458960      4.406918
   10640      6.458713      4.410906
   10660      6.342527      4.410496
   10680      6.431513      4.400882
   10700      6.612998      4.405419
   10720      6.258547      4.399883
   10740      6.618351      4.399847
   10760      6.481387      4.403200
   10780      6.214350      4.401199
   10800      6.222181      4.414173
   10820      6.070037      4.419570
   10840      6.383809      4.411528
   10860      6.465358      4.406294
   10880      6.332275      4.394274
   10900      6.115438      4.410555
   10920      6.147512      4.418454
   10940      5.934745      4.422031
   10960      6.272436      4.439420
   10980      6.092392      4.421569
   11000      6.156245      4.430394
   11020      6.381851      4.423821
   11040      6.388101      4.415548
   11060      6.206981      4.420563
   11080      6.323005      4.407006
   11100      6.027777      4.404067
   11120      6.296121      4.396845
   11140      6.220043      4.396540
   11160      6.412380      4.394522
   11180      6.471691      4.395569
   11200      6.246824      4.295505
   11220      5.938728      4.312102
   11240      6.264221      4.314037
   11260      6.014716      4.320200
   11280      6.226667      4.313516
   11300      5.929818      4.295669
   11320      6.018494      4.305265
   11340      5.910458      4.291236
   11360      6.030711      4.288692
   11380      5.810885      4.284447
   11400      5.982545      4.291142
   11420      5.934491      4.292533
   11440      6.017238      4.303309
   11460      5.885827      4.299664
   11480      5.917770      4.297485
   11500      5.667232      4.289115
   11520      5.803792      4.295976
   11540      5.727863      4.287045
   11560      5.812154      4.296881
   11580      5.929430      4.281747
   11600      5.830877      4.273555
   11620      5.808094      4.261116
   11640      5.723880      4.266484
   11660      5.882064      4.274837
   11680      5.580473      4.276568
   11700      5.811892      4.269640
   11720      5.882324      4.257895
   11740      5.766966      4.257327
   11760      5.795414      4.268696
   11780      5.711614      4.252064
   11800      5.829634      4.242228
   11820      5.849704      4.238820
   11840      6.111583      4.246516
   11860      5.911329      4.248767
   11880      6.069608      4.245893
   11900      5.748665      4.242894
   11920      5.916282      4.233365
   11940      5.924985      4.237255
   11960      5.890651      4.237362
   11980      6.000614      4.244255
   12000      5.684751      4.240231
   12020      5.794111      4.238982
   12040      5.755815      4.237520
   12060      5.915412      4.261464
   12080      5.928395      4.259605
   12100      5.871889      4.254964
   12120      5.878197      4.244245
   12140      5.758475      4.222481
   12160      5.798603      4.241117
   12180      5.785888      4.256582
   12200      5.922230      4.236332
   12220      5.729596      4.230748
   12240      5.790569      4.249137
   12260      5.773133      4.243491
   12280      5.787529      4.245641
   12300      5.884195      4.248379
   12320      5.848145      4.249610
   12340      5.849479      4.247980
   12360      5.802049      4.244698
   12380      5.618647      4.245978
   12400      5.560242      4.241660
   12420      5.668617      4.237027
   12440      5.623039      4.240143
   12460      5.724091      4.243100
   12480      5.524445      4.274598
   12500      5.716018      4.247000
   12520      5.552290      4.228441
   12540      5.732056      4.307788
   12560      5.401605      4.332384
   12580      5.344340      4.353955
   12600      5.240255      4.379748
   12620      5.531008      4.377587
   12640      5.180778      4.380386
   12660      5.290058      4.374728
   12680      5.263052      4.365090
   12700      5.168132      4.383861
   12720      4.904676      4.389271
   12740      5.017560      4.369856
   12760      4.906652      4.370409
   12780      5.098630      4.371344
   12800      5.344628      4.365386
   12820      5.443321      4.354315
   12840      5.307428      4.350420
   12860      5.677141      4.329560
   12880      5.708686      4.324923
   12900      5.618838      4.337246
   12920      5.620830      4.321311
   12940      5.682034      4.328141
   12960      5.875264      4.314711
   12980      6.060974      4.324169
   13000      6.126200      4.305519
   13020      6.073165      4.307870
   13040      5.914292      4.301687
   13060      6.008775      4.314696
   13080      5.977617      4.308885
   13100      6.002178      4.302027
   13120      6.032148      4.298665
   13140      5.854784      4.293575
   13160      6.328688      4.305631
   13180      6.325040      4.298648
   13200      5.916624      4.290833
   13220      6.058887      4.297585
   13240      5.814045      4.298625
   13260      5.875577      4.316428
   13280      5.738794      4.308047
   13300      6.053029      4.306022
   13320      6.085493      4.307697
   13340      6.007495      4.314651
   13360      6.034148      4.321335
   13380      5.861943      4.321621
   13400      5.797862      4.306282
   13420      6.110172      4.304671
   13440      6.125678      4.303196
   13460      5.589801      4.298696
   13480      6.006629      4.296792
   13500      5.601368      4.292099
   13520      5.612543      4.294799
   13540      5.803360      4.284804
   13560      5.525708      4.276885
   13580      5.665304      4.279773
   13600      5.768287      4.277251
   13620      5.738438      4.287378
   13640      5.732068      4.283770
   13660      5.609080      4.287789
   13680      5.764958      4.280591
   13700      5.797017      4.287024
   13720      5.762689      4.283566
   13740      5.841938      4.297860
   13760      5.703195      4.299021
   13780      5.642033      4.294574
   13800      5.454535      4.295558
   13820      5.485235      4.292314
   13840      5.737099      4.295630
   13860      5.683185      4.291116
   13880      5.723592      4.286529
   13900      5.795239      4.283579
   13920      5.677865      4.294139
   13940      5.611007      4.299379
   13960      5.781948      4.291277
   13980      5.556373      4.291191
   14000      5.608164      4.300223
   14020      5.650762      4.300077
   14040      5.795587      4.291061
   14060      5.598307      4.297402
   14080      5.547454      4.298167
   14100      5.697853      4.297061
   14120      5.557778      4.293305
   14140      5.685066      4.289631
   14160      5.564768      4.287413
   14180      5.561736      4.288183
   14200      5.623032      4.289607
   14220      5.657503      4.284503
   14240      5.762172      4.284810
   14260      5.843498      4.282635
   14280      5.688482      4.286486
   14300      5.709630      4.275189
   14320      5.626412      4.281070
   14340      5.671272      4.270951
   14360      5.752554      4.276887
   14380      5.660367      4.272539
   14400      5.589209      4.270440
   14420      5.582242      4.277526
   14440      5.725333      4.257939
   14460      5.797003      4.253111
   14480      5.813255      4.245035
   14500      5.744484      4.253113
   14520      5.619167      4.261396
   14540      5.574467      4.262560
   14560      5.704938      4.265590
   14580      5.619568      4.262177
   14600      5.503928      4.262073
   14620      5.607356      4.267439
   14640      5.516544      4.250732
   14660      5.575071      4.243397
   14680      5.580217      4.248460
   14700      5.619731      4.247758
   14720      5.545824      4.263023
   14740      5.564064      4.260917
   14760      5.587186      4.263372
   14780      5.571728      4.268443
   14800      5.720284      4.247121
   14820      5.699850      4.248360
   14840      5.690892      4.253881
   14860      5.640019      4.252504
   14880      5.558518      4.256083
   14900      5.663921      4.261109
   14920      5.588423      4.254504
   14940      5.787580      4.254000
   14960      5.814796      4.259126
   14980      5.721553      4.258717
   15000      5.883200      4.266825
   15020      5.714827      4.265625
   15040      5.816333      4.259121
   15060      5.581123      4.268427
   15080      5.662770      4.267798
   15100      5.715684      4.267938
   15120      5.696777      4.263794
   15140      5.756567      4.262638
   15160      5.525097      4.259746
   15180      5.506142      4.255988
   15200      5.689247      4.262667
   15220      5.853821      4.265797
   15240      5.830910      4.274028
   15260      5.694139      4.264662
   15280      5.530101      4.271347
   15300      5.750049      4.266685
   15320      5.813055      4.271840
   15340      5.883276      4.271771
   15360      5.715552      4.268785
   15380      5.813250      4.277853
   15400      5.738114      4.275512
   15420      5.872731      4.267447
   15440      5.872087      4.266205
   15460      5.756977      4.263901
   15480      5.888548      4.277798
   15500      5.957204      4.270529
   15520      5.798916      4.267443
   15540      5.838490      4.260264
   15560      5.731161      4.265231
   15580      6.053124      4.266593
   15600      6.158057      4.265546
   15620      5.877199      4.255595
   15640      5.925245      4.262531
   15660      5.631956      4.257622
   15680      5.747692      4.257298
   15700      5.820644      4.254478
   15720      5.819257      4.249798
   15740      5.730554      4.251419
   15760      5.737331      4.250468
   15780      5.841819      4.248624
   15800      5.655183      4.257548
   15820      5.768989      4.256649
   15840      5.778368      4.253312
   15860      5.634328      4.263385
   15880      5.730114      4.255280
   15900      5.817793      4.261978
   15920      5.818240      4.256543
   15940      5.818562      4.263026
   15960      5.749760      4.261150
   15980      5.837769      4.263048
   16000      5.753279      4.253382
   16020      5.637815      4.249708
   16040      5.769345      4.261168
   16060      5.802611      4.256618
   16080      5.768157      4.265501
   16100      5.842017      4.259080
   16120      5.793373      4.266990
   16140      5.794535      4.259971
   16160      5.904350      4.268486
   16180      5.635077      4.267279
   16200      5.722776      4.266805
   16220      5.667606      4.257277
   16240      5.859121      4.252170
   16260      5.807236      4.251695
   16280      5.697078      4.255791
   16300      5.986141      4.256366
   16320      5.836041      4.254902
   16340      5.938386      4.257430
   16360      5.754120      4.245413
   16380      5.936951      4.255321
   16400      5.858103      4.250170
   16420      5.885417      4.242574
   16440      5.883759      4.247279
   16460      6.064234      4.242928
   16480      5.748188      4.251161
   16500      5.830453      4.250147
   16520      5.648638      4.252298
   16540      5.657484      4.255715
   16560      5.935280      4.241248
   16580      5.885559      4.252318
   16600      5.932998      4.236000
   16620      5.828047      4.249484
   16640      5.727865      4.238440
   16660      5.736884      4.243366
   16680      5.884735      4.247465
   16700      5.768019      4.244115
   16720      5.846749      4.249061
   16740      5.816397      4.246303
   16760      5.808489      4.254921
   16780      5.797299      4.253655
   16800      5.732084      4.258808
   16820      5.623875      4.263892
   16840      5.610160      4.257612
   16860      5.754001      4.253716
   16880      5.746507      4.261498
   16900      5.873879      4.256407
   16920      5.749667      4.259721
   16940      5.915785      4.259448
   16960      5.572141      4.264212
   16980      5.709872      4.264458
   17000      5.773477      4.258763
   17020      5.858341      4.262912
   17040      5.773915      4.272577
   17060      5.756141      4.265209
   17080      5.862273      4.256770
   17100      5.895902      4.264287
   17120      5.817391      4.269023
   17140      5.722389      4.268921
   17160      5.755672      4.270353
   17180      5.664281      4.260716
   17200      5.717761      4.257078
   17220      5.955338      4.256763
   17240      5.856859      4.257985
   17260      5.698891      4.260958
   17280      5.945766      4.247061
   17300      5.886351      4.253392
   17320      5.913066      4.251002
   17340      5.811337      4.252546
   17360      5.733572      4.257161
   17380      5.795162      4.251428
   17400      5.793528      4.249407
   17420      5.721704      4.269306
   17440      5.685074      4.258466
   17460      5.785063      4.256366
   17480      5.620124      4.257685
   17500      5.614504      4.263483
   17520      5.708791      4.251209
   17540      5.793285      4.258901
   17560      5.860531      4.249522
   17580      5.815336      4.254237
   17600      5.754911      4.252628
   17620      5.805324      4.253565
   17640      5.854974      4.242861
   17660      5.566081      4.256711
   17680      5.509910      4.258245
   17700      5.777832      4.252744
   17720      5.660966      4.256130
   17740      5.579616      4.249352
   17760      5.877685      4.249072
   17780      5.703200      4.247528
   17800      5.658384      4.259710
   17820      5.794331      4.253222
   17840      5.624912      4.244926
   17860      5.773404      4.236644
   17880      5.590738      4.246781
   17900      5.693048      4.238914
   17920      5.682274      4.235173
   17940      5.746862      4.244151
   17960      5.648762      4.245891
   17980      5.633801      4.249368
   18000      5.695579      4.248486
   18020      5.785325      4.246771
   18040      5.613042      4.248165
   18060      5.742290      4.245744
   18080      5.837211      4.244783
   18100      5.845728      4.243786
   18120      5.592546      4.242656
   18140      5.599168      4.244073
   18160      5.703089      4.246479
   18180      5.908114      4.247131
   18200      5.767264      4.245082
   18220      5.849532      4.245622
   18240      5.926145      4.236541
   18260      6.012623      4.235411
   18280      5.912836      4.243478
   18300      5.790733      4.239294
   18320      5.734034      4.237846
   18340      5.777606      4.254059
   18360      5.797665      4.253579
   18380      5.754927      4.254483
   18400      5.958362      4.241828
   18420      5.656262      4.247175
   18440      5.763572      4.246741
   18460      5.602162      4.259666
   18480      5.618276      4.248677
   18500      5.658892      4.254291
   18520      5.673855      4.248646
   18540      5.602916      4.242995
   18560      5.806496      4.239435
   18580      5.713728      4.236852
   18600      5.745107      4.243730
   18620      5.719392      4.241426
   18640      5.689778      4.243192
   18660      5.703673      4.255790
   18680      5.893338      4.259177
   18700      5.795532      4.258350
   18720      5.748077      4.267037
   18740      5.807451      4.267784
   18760      5.773124      4.264362
   18780      5.814614      4.256483
   18800      5.687693      4.258508
   18820      5.676741      4.265294
   18840      5.822295      4.270877
   18860      5.877621      4.265605
   18880      5.874344      4.262794
   18900      5.744894      4.263289
   18920      6.065865      4.259631
   18940      5.842308      4.250118
   18960      5.824401      4.255481
   18980      5.975595      4.256031
   19000      5.646753      4.248637
   19020      5.787285      4.255079
   19040      5.807491      4.258178
   19060      5.874840      4.257413
   19080      5.687106      4.267153
   19100      5.824948      4.255573
   19120      5.621827      4.259540
   19140      5.840352      4.265272
   19160      5.796663      4.259295
   19180      5.720760      4.259197
   19200      5.836020      4.252716
   19220      5.730939      4.250816
   19240      5.821541      4.236826
   19260      5.864133      4.242862
   19280      5.919608      4.246324
   19300      5.986433      4.249448
   19320      5.794347      4.253246
   19340      5.812458      4.260285
   19360      5.754429      4.259609
   19380      5.883334      4.256802
   19400      5.801138      4.257570
   19420      5.790171      4.256396
   19440      5.736651      4.263651
   19460      5.789901      4.256741
   19480      5.741125      4.257860
   19500      5.834227      4.250722
   19520      5.686365      4.255815
   19540      5.747913      4.251485
   19560      5.922305      4.254064
   19580      5.720172      4.259769
   19600      5.618999      4.252318
   19620      5.823627      4.251078
   19640      5.790133      4.247930
   19660      5.727292      4.248521
   19680      5.788142      4.257688
   19700      5.788231      4.245068
   19720      5.630169      4.247130
   19740      5.817130      4.248294
   19760      5.761565      4.248622
   19780      5.740159      4.252538
   19800      5.928836      4.251983
   19820      5.938002      4.246934
   19840      5.955922      4.253802
   19860      5.916775      4.240949
   19880      5.833319      4.248627
   19900      5.782847      4.254433
   19920      5.839223      4.252928
   19940      5.933854      4.242277
   19960      5.834381      4.249522
   19980      5.912187      4.256017
   20000      5.721525      4.271377
   20020      5.610191      4.257259
   20040      5.846891      4.258576
   20060      5.795549      4.253627
   20080      5.872250      4.252118
   20100      5.842923      4.262879
   20120      5.835691      4.252311
   20140      5.958472      4.261234
   20160      5.829114      4.249677
   20180      5.828926      4.246556
   20200      5.873655      4.240871
   20220      5.875299      4.247351
   20240      5.689472      4.241220
   20260      5.833446      4.238779
   20280      5.857717      4.245581
   20300      5.887807      4.244073
   20320      5.951778      4.245322
   20340      5.846670      4.252730
   20360      5.763843      4.251886
   20380      5.889760      4.251784
   20400      5.745205      4.254285
   20420      5.731495      4.256776
   20440      5.890829      4.250297
   20460      5.903016      4.247748
   20480      5.719954      4.241055
   20500      5.968378      4.248934
   20520      5.687721      4.254845
   20540      5.667746      4.247870
   20560      5.722216      4.245113
   20580      5.647093      4.250429
   20600      5.770101      4.252351
   20620      5.562078      4.251090
   20640      5.701235      4.247811
   20660      5.754639      4.245557
   20680      5.698442      4.250734
   20700      5.970791      4.244760
   20720      5.796702      4.244158
   20740      5.927826      4.242639
   20760      5.987700      4.243498
   20780      5.756278      4.245252
   20800      5.676668      4.246831
   20820      5.753313      4.249042
   20840      5.779928      4.248512
   20860      5.797988      4.246632
   20880      5.857382      4.242981
   20900      5.982023      4.241047
   20920      5.816414      4.250239
   20940      5.745736      4.254533
   20960      5.641733      4.260479
   20980      5.665758      4.261611
   21000      5.826435      4.257205
   21020      5.746129      4.267294
   21040      5.668014      4.263150
   21060      5.813130      4.259580
   21080      5.841289      4.254668
   21100      5.929793      4.248732
   21120      5.708559      4.247467
   21140      5.755103      4.249756
   21160      5.794660      4.241390
   21180      5.828773      4.241487
   21200      5.703240      4.240856
   21220      5.827426      4.251063
   21240      5.756555      4.238282
   21260      5.901166      4.240605
   21280      6.014974      4.241506
   21300      6.014163      4.235508
   21320      5.880813      4.239100
   21340      5.669814      4.245650
   21360      5.821984      4.242180
   21380      5.855906      4.235629
   21400      5.741519      4.230926
   21420      5.959442      4.231105
   21440      5.868049      4.228525
   21460      5.867320      4.234131
   21480      5.798949      4.240290
   21500      5.766740      4.233793
   21520      5.590922      4.236883
   21540      5.712970      4.238086
   21560      5.679854      4.236341
   21580      5.681244      4.236041
   21600      5.787617      4.234177
   21620      5.857202      4.235718
   21640      5.610086      4.241089
   21660      5.858090      4.237661
   21680      5.828808      4.234620
   21700      6.065716      4.230610
   21720      5.743758      4.221813
   21740      5.838003      4.224335
   21760      5.842644      4.236974
   21780      5.604460      4.253751
   21800      5.728542      4.239794
   21820      5.877274      4.232530
   21840      5.694801      4.234493
   21860      5.899726      4.236001
   21880      5.905592      4.236356
   21900      5.924217      4.234401
   21920      5.768998      4.234136
   21940      5.843591      4.230080
   21960      5.876765      4.230538
   21980      5.940112      4.235919
   22000      5.816723      4.236768
   22020      5.948414      4.232618
   22040      5.995536      4.240465
   22060      5.923824      4.247454
   22080      5.912085      4.239075
   22100      5.764182      4.246597
   22120      5.761873      4.249923
   22140      5.732280      4.248916
   22160      5.937476      4.250819
   22180      5.754268      4.251428
   22200      5.799288      4.250406
   22220      5.929536      4.243884
   22240      5.826753      4.243263
   22260      5.606187      4.242136
   22280      5.780832      4.238570
   22300      5.960557      4.232377
   22320      6.051399      4.241311
   22340      6.005056      4.238560
   22360      5.804687      4.238792
   22380      5.851892      4.248390
   22400      5.773093      4.258084
   22420      5.788642      4.247394
   22440      5.819956      4.249686
   22460      5.826441      4.249502
   22480      5.642969      4.250572
   22500      5.852008      4.250067
   22520      5.743826      4.246356
   22540      5.701006      4.253709
   22560      5.786696      4.248210
   22580      5.957764      4.237723
   22600      5.911799      4.235485
   22620      5.741756      4.230158
   22640      5.906145      4.219698
   22660      5.902280      4.223425
   22680      5.792650      4.230553
   22700      5.841860      4.225673
   22720      6.039088      4.211512
   22740      5.860366      4.224227
   22760      5.882419      4.224119
   22780      5.748017      4.216981
   22800      5.768196      4.219779
   22820      5.713746      4.223609
   22840      5.910191      4.211634
   22860      5.865993      4.220640
   22880      5.831336      4.219582
   22900      5.974794      4.211297
   22920      5.859084      4.215226
   22940      5.796397      4.220221
   22960      5.896559      4.223684
   22980      5.859460      4.220080
   23000      5.895852      4.228871
   23020      5.807911      4.226826
   23040      5.643352      4.222117
   23060      5.851769      4.227347
   23080      5.799406      4.222761
   23100      5.861777      4.215039
   23120      5.857493      4.212091
   23140      5.769139      4.216720
   23160      5.784045      4.211554
   23180      5.845367      4.222514
   23200      5.932196      4.210144
   23220      5.871622      4.207170
   23240      5.851622      4.211323
   23260      5.848006      4.215242
   23280      5.828382      4.216621
   23300      5.621392      4.221895
   23320      5.817699      4.215551
   23340      5.821428      4.212528
   23360      5.873676      4.219593
   23380      6.055056      4.204929
   23400      5.898613      4.201610
   23420      5.780079      4.199029
   23440      5.850462      4.200936
   23460      5.857397      4.211613
   23480      5.707270      4.208069
   23500      5.939823      4.211913
   23520      5.800596      4.209037
   23540      5.809397      4.217084
   23560      5.845262      4.215700
   23580      5.920762      4.220854
   23600      5.809117      4.222135
   23620      5.863984      4.216239
   23640      5.785594      4.212691
   23660      5.804507      4.220317
   23680      5.856331      4.218733
   23700      5.757803      4.220281
   23720      5.781072      4.218420
   23740      5.751062      4.224496
   23760      5.890292      4.226943
   23780      5.822433      4.219485
   23800      5.831870      4.227225
   23820      5.884770      4.216907
   23840      5.930947      4.220025
   23860      5.848418      4.218648
   23880      5.906103      4.213489
   23900      5.911949      4.239645
   23920      5.830085      4.228219
   23940      5.896920      4.225694
   23960      6.013764      4.215587
   23980      5.982893      4.222948
   24000      5.855986      4.222684
   24020      5.878367      4.217816
   24040      5.911309      4.220102
   24060      5.910441      4.215070
   24080      5.941645      4.227613
   24100      5.866151      4.220892
   24120      5.884147      4.226384
   24140      5.784930      4.222439
   24160      5.901920      4.217412
   24180      5.911411      4.224727
   24200      5.800687      4.222943
   24220      5.806296      4.225830
   24240      5.867254      4.220888
   24260      5.774166      4.214805
   24280      5.862548      4.227838
   24300      5.733281      4.229328
   24320      5.839217      4.219204
   24340      5.926041      4.217356
   24360      5.946994      4.212412
   24380      5.808526      4.221699
   24400      6.013879      4.217941
   24420      6.044206      4.205602
   24440      5.868415      4.214419
   24460      5.860203      4.222226
   24480      5.708514      4.231435
   24500      5.863196      4.228767
   24520      5.733867      4.230059
   24540      5.916605      4.226258
   24560      5.789989      4.224128
   24580      5.915240      4.221567
   24600      5.862974      4.226156
   24620      5.739621      4.228420
   24640      5.799116      4.224900
   24660      5.869382      4.226672
   24680      5.766542      4.226045
   24700      5.829555      4.232447
   24720      5.872224      4.231607
   24740      5.888015      4.223000
   24760      5.979783      4.217992
   24780      5.851095      4.222960
   24800      5.940187      4.223068
   24820      5.948330      4.228313
   24840      5.755283      4.231187
   24860      5.883909      4.218190
   24880      5.846144      4.226203
   24900      5.887631      4.224762
   24920      5.872758      4.218121
   24940      5.954215      4.215356
   24960      5.874664      4.208447
   24980      5.969212      4.216070
   25000      5.899953      4.213638
   25020      5.923647      4.215158
   25040      5.791444      4.205027
   25060      5.838331      4.212651
   25080      6.024654      4.204890
   25100      5.851215      4.195250
   25120      5.865350      4.200475
   25140      6.005154      4.193867
   25160      5.812587      4.206180
   25180      5.851161      4.197538
   25200      5.851756      4.198806
   25220      5.929149      4.197474
   25240      5.971445      4.181935
   25260      5.828206      4.187687
   25280      5.830396      4.191856
   25300      5.666743      4.188798
   25320      5.872904      4.195174
   25340      5.905049      4.187591
   25360      5.976112      4.183916
   25380      5.967947      4.193041
   25400      6.116182      4.183829
   25420      5.962644      4.183318
   25440      6.059687      4.182884
   25460      5.998952      4.186581
   25480      5.770552      4.185235
   25500      5.799145      4.176340
   25520      5.864177      4.183509
   25540      5.813646      4.177822
   25560      5.837067      4.178543
   25580      5.898113      4.184398
   25600      5.937549      4.180228
   25620      5.948332      4.173994
   25640      6.100013      4.179486
   25660      5.828986      4.172329
   25680      5.785572      4.167409
   25700      5.911144      4.166083
   25720      5.812522      4.163157
   25740      5.846270      4.179549
   25760      5.777893      4.174519
   25780      5.801003      4.182707
   25800      5.985688      4.179715
   25820      5.902168      4.169561
   25840      5.924005      4.190101
   25860      5.929144      4.188151
   25880      5.901545      4.194382
   25900      5.902918      4.177871
   25920      5.787448      4.189026
   25940      5.901207      4.185569
   25960      5.902281      4.194195
   25980      5.926720      4.181768
   26000      5.887623      4.173823
   26020      5.993488      4.183588
   26040      5.909559      4.192281
   26060      5.909797      4.195937
   26080      5.837092      4.195608
   26100      5.808234      4.200192
   26120      5.813889      4.195076
   26140      5.822294      4.190688
   26160      5.757594      4.172338
   26180      5.879599      4.178864
   26200      5.806609      4.178121
   26220      5.921119      4.172312
   26240      5.931027      4.171202
   26260      6.000412      4.182764
   26280      6.010672      4.182080
   26300      5.882445      4.191059
   26320      5.874082      4.181601
   26340      5.992295      4.180795
   26360      5.884484      4.180579
   26380      5.958282      4.183608
   26400      5.871450      4.180040
   26420      6.028107      4.176939
   26440      5.936089      4.169734
   26460      5.912747      4.185191
   26480      5.955672      4.166532
   26500      5.873392      4.162452
   26520      5.824215      4.171135
   26540      5.764308      4.167828
   26560      5.778693      4.167737
   26580      5.783744      4.144085
   26600      5.759679      4.143802
   26620      5.742081      4.166835
   26640      5.945933      4.149604
   26660      5.808847      4.147707
   26680      5.787695      4.151025
   26700      5.815243      4.148507
   26720      5.786551      4.128258
   26740      5.816317      4.113551
   26760      5.744532      4.123525
   26780      5.668616      4.129484
   26800      5.850508      4.114442
   26820      5.744942      4.111446
   26840      5.831267      4.099375
   26860      5.855424      4.120620
   26880      5.943327      4.106523
   26900      5.928069      4.101615
   26920      6.000319      4.100602
   26940      5.964819      4.094596
   26960      5.931494      4.100707
   26980      5.954775      4.101079
   27000      5.921720      4.102469
   27020      5.852441      4.097223
   27040      5.940496      4.100661
   27060      5.891494      4.096503
   27080      6.004848      4.096905
   27100      5.988747      4.100966
   27120      5.982773      4.093282
   27140      6.025924      4.096647
   27160      5.850421      4.103187
   27180      6.112505      4.092710
   27200      5.844408      4.087363
   27220      5.988782      4.085357
   27240      5.841644      4.080597
   27260      5.871496      4.093025
   27280      5.868957      4.082562
   27300      5.822554      4.081507
   27320      5.825747      4.074744
   27340      5.804343      4.092413
   27360      5.832130      4.085053
   27380      5.789050      4.096793
   27400      5.965644      4.082272
   27420      5.848872      4.095214
   27440      5.807171      4.092550
   27460      5.888753      4.081832
   27480      5.939069      4.080382
   27500      5.803897      4.081963
   27520      5.865362      4.083213
   27540      5.941603      4.080950
   27560      5.938132      4.076895
   27580      6.034050      4.082653
   27600      5.879468      4.073248
   27620      5.946298      4.078207
   27640      5.970107      4.070430
   27660      5.909716      4.073805
   27680      5.875859      4.071276
   27700      5.747860      4.072451
   27720      5.682995      4.078919
   27740      5.914394      4.081248
   27760      5.719790      4.081699
   27780      5.823355      4.086113
   27800      5.926873      4.070388
   27820      5.968172      4.079801
   27840      5.938944      4.071697
   27860      5.913019      4.076148
   27880      5.958070      4.083736
   27900      5.829722      4.083189
   27920      5.991047      4.084515
   27940      5.768700      4.091163
   27960      5.931232      4.085988
   27980      5.759473      4.071073
   28000      5.935217      4.079415
   28020      5.736619      4.075002
   28040      5.671531      4.077137
   28060      5.839904      4.079858
   28080      5.864476      4.091215
   28100      5.807550      4.088277
   28120      5.974435      4.090231
   28140      5.991547      4.092900
   28160      5.785421      4.080289
   28180      5.837322      4.075515
   28200      5.778039      4.083463
   28220      5.924704      4.085167
   28240      5.811679      4.093698
   28260      5.947038      4.089715
   28280      5.883617      4.079104
   28300      5.879540      4.077756
   28320      5.809593      4.087561
   28340      5.637545      4.072429
   28360      5.730233      4.086512
   28380      5.851787      4.080240
   28400      5.943908      4.078081
   28420      5.856045      4.081852
   28440      5.800572      4.069952
   28460      5.831773      4.083772
   28480      5.827159      4.071923
   28500      5.834349      4.077617
   28520      5.840557      4.077550
   28540      5.771870      4.083836
   28560      5.716106      4.075344
   28580      5.771536      4.066190
   28600      5.894326      4.078328
   28620      5.732595      4.072616
   28640      5.630849      4.079432
   28660      5.920644      4.078673
   28680      5.823697      4.071155
   28700      6.039522      4.071812
   28720      5.769744      4.070650
   28740      5.835288      4.068934
   28760      5.784142      4.067756
   28780      5.805086      4.066801
   28800      5.864866      4.078321
   28820      5.896610      4.076553
   28840      5.866088      4.075327
   28860      5.984543      4.074049
   28880      5.809616      4.073044
   28900      5.847926      4.078887
   28920      6.005840      4.086099
   28940      5.854865      4.075674
   28960      5.694043      4.078806
   28980      5.815353      4.086450
   29000      5.900723      4.070565
   29020      5.865705      4.084367
   29040      5.810377      4.075164
   29060      5.852018      4.073457
   29080      5.862661      4.070137
   29100      5.812100      4.073412
   29120      5.870545      4.084161
   29140      5.830167      4.081068
   29160      5.855495      4.082004
   29180      5.876054      4.080263
   29200      5.732728      4.074324
   29220      5.851700      4.085837
   29240      5.750429      4.072965
   29260      5.868656      4.079604
   29280      5.833998      4.078142
   29300      5.863661      4.088079
   29320      5.717041      4.078787
   29340      5.919752      4.090647
   29360      5.892182      4.084687
   29380      5.893178      4.080274
   29400      5.918196      4.085745
   29420      5.941494      4.088584
   29440      5.879340      4.080552
   29460      5.762357      4.088864
   29480      5.936132      4.083702
   29500      5.778957      4.082359
   29520      5.869611      4.080755
   29540      5.890186      4.085049
   29560      5.812631      4.076887
   29580      5.975134      4.070272
   29600      6.008726      4.086556
   29620      5.859064      4.084428
   29640      5.901308      4.084785
   29660      5.815588      4.082811
   29680      5.907677      4.082599
   29700      5.760761      4.087714
   29720      5.923846      4.080416
   29740      5.810841      4.079226
   29760      5.957252      4.070661
   29780      5.843237      4.081415
   29800      5.917679      4.081948
   29820      5.846895      4.076834
   29840      5.875168      4.089258
   29860      5.929379      4.085262
   29880      5.903790      4.084946
   29900      5.983252      4.091269
   29920      5.783782      4.085065
   29940      5.860375      4.096582
   29960      5.780008      4.099844
   29980      5.860496      4.092224
   30000      5.985880      4.090336
