   10000     -62595.087610
   10020     -62597.201961
   10040     -62597.974529
   10060     -62606.540738
   10080     -62609.074730
   10100     -62610.568810
   10120     -62615.552180
   10140     -62613.075838
   10160     -62623.022331
   10180     -62625.320861
   10200     -62634.952878
   10220     -62635.375324
   10240     -62642.330559
   10260     -62645.132954
   10280     -62648.363959
   10300     -62652.053812
   10320     -62653.134841
   10340     -62658.665368
   10360     -62661.717442
   10380     -62666.495492
   10400     -62676.045540
   10420     -62669.832911
   10440     -62681.437443
   10460     -62679.802735
   10480     -62684.183066
   10500     -62687.735578
   10520     -62690.098439
   10540     -62690.834203
   10560     -62696.843165
   10580     -62699.295249
   10600     -62700.388516
   10620     -62700.787762
   10640     -62707.279768
   10660     -62708.648522
   10680     -62715.421500
   10700     -62713.259872
   10720     -62715.984487
   10740     -62713.852211
   10760     -62724.684684
   10780     -62718.421275
   10800     -62722.042340
   10820     -62724.046717
   10840     -62722.229590
   10860     -62725.266431
   10880     -62723.947910
   10900     -62726.681962
   10920     -62726.921306
   10940     -62729.006911
   10960     -62736.203081
   10980     -62736.169142
   11000     -62734.326692
   11020     -62738.820403
   11040     -62745.135248
   11060     -62743.053705
   11080     -62747.618252
   11100     -62751.897226
   11120     -62749.731856
   11140     -62753.098252
   11160     -62753.262614
   11180     -62760.637026
   11200     -62761.919932
   11220     -62765.756740
   11240     -62767.553236
   11260     -62766.049000
   11280     -62773.592951
   11300     -62777.484952
   11320     -62782.944722
   11340     -62777.391037
   11360     -62791.767848
   11380     -62796.621470
   11400     -62798.049543
   11420     -62800.244306
   11440     -62800.703103
   11460     -62810.686390
   11480     -62804.492833
   11500     -62809.118549
   11520     -62807.768954
   11540     -62809.137510
   11560     -62805.761648
   11580     -62813.154173
   11600     -62815.068900
   11620     -62821.726518
   11640     -62820.809291
   11660     -62822.755207
   11680     -62829.144684
   11700     -62837.533152
   11720     -62838.213088
   11740     -62842.709118
   11760     -62849.308506
   11780     -62856.914086
   11800     -62848.819922
   11820     -62848.727839
   11840     -62854.646504
   11860     -62855.590774
   11880     -62860.125711
   11900     -62853.209074
   11920     -62850.315821
   11940     -62856.369171
   11960     -62867.230981
   11980     -62872.015026
   12000     -62871.832564
   12020     -62873.941646
   12040     -62883.765377
   12060     -62889.152855
   12080     -62890.239698
   12100     -62899.389152
   12120     -62899.709412
   12140     -62897.924663
   12160     -62893.545290
   12180     -62892.989316
   12200     -62905.315222
   12220     -62908.495039
   12240     -62908.401308
   12260     -62914.657748
   12280     -62920.921670
   12300     -62924.508013
   12320     -62925.592995
   12340     -62926.271743
   12360     -62922.035222
   12380     -62933.490881
   12400     -62936.266771
   12420     -62944.106508
   12440     -62940.516804
   12460     -62945.155793
   12480     -62947.051835
   12500     -62952.951202
   12520     -62954.467017
   12540     -62959.152429
   12560     -62957.199553
   12580     -62956.135316
   12600     -62959.172454
   12620     -62964.732659
   12640     -62965.187971
   12660     -62968.239389
   12680     -62971.893059
   12700     -62975.118619
   12720     -62979.018525
   12740     -62980.742823
   12760     -62982.380627
   12780     -62987.768605
   12800     -62984.867605
   12820     -62985.878404
   12840     -62989.975539
   12860     -62995.328383
   12880     -62998.223383
   12900     -63002.988340
   12920     -63009.119243
   12940     -63006.264217
   12960     -63011.528728
   12980     -63016.615522
   13000     -63013.554674
   13020     -63017.033564
   13040     -63017.881514
   13060     -63018.801734
   13080     -63024.057344
   13100     -63029.535443
   13120     -63026.074499
   13140     -63021.141194
   13160     -63032.663090
   13180     -63033.989652
   13200     -63029.729893
   13220     -63029.683805
   13240     -63032.868324
   13260     -63036.459631
   13280     -63037.053129
   13300     -63037.850668
   13320     -63045.251030
   13340     -63045.533793
   13360     -63051.113062
   13380     -63050.567050
   13400     -63049.609644
   13420     -63055.430489
   13440     -63056.524628
   13460     -63064.671028
   13480     -63066.700899
   13500     -63067.812015
   13520     -63068.894585
   13540     -63071.815569
   13560     -63074.612449
   13580     -63078.858165
   13600     -63079.971724
   13620     -63082.929726
   13640     -63079.311375
   13660     -63089.221038
   13680     -63096.579967
   13700     -63098.288065
   13720     -63098.428763
   13740     -63102.771528
   13760     -63104.626504
   13780     -63109.467005
   13800     -63113.631427
   13820     -63115.815794
   13840     -63121.097799
   13860     -63119.699634
   13880     -63123.376899
   13900     -63127.346202
   13920     -63125.926709
   13940     -63127.487513
   13960     -63131.208367
   13980     -63131.096699
   14000     -63127.812947
   14020     -63132.521934
   14040     -63136.566825
   14060     -63134.692663
   14080     -63143.297568
   14100     -63138.788892
   14120     -63140.570661
   14140     -63143.765661
   14160     -63146.816417
   14180     -63152.119218
   14200     -63158.724244
   14220     -63159.864144
   14240     -63160.731253
   14260     -63159.372363
   14280     -63166.323241
   14300     -63167.698212
   14320     -63176.461397
   14340     -63174.134066
   14360     -63170.339125
   14380     -63170.914179
   14400     -63172.522871
   14420     -63179.254925
   14440     -63181.265566
   14460     -63184.287959
   14480     -63188.358913
   14500     -63193.989389
   14520     -63194.275916
   14540     -63191.847039
   14560     -63199.699654
   14580     -63202.189590
   14600     -63205.642222
   14620     -63203.836514
   14640     -63208.263042
   14660     -63209.369128
   14680     -63207.267713
   14700     -63214.426958
   14720     -63213.567260
   14740     -63216.109873
   14760     -63212.583824
   14780     -63222.388123
   14800     -63224.452973
   14820     -63233.494619
   14840     -63232.461346
   14860     -63238.873215
   14880     -63241.199220
   14900     -63240.011067
   14920     -63244.751049
   14940     -63247.377141
   14960     -63254.633215
   14980     -63258.948000
   15000     -63255.176124
   15020     -63258.380278
   15040     -63256.860976
   15060     -63260.069405
   15080     -63264.305996
   15100     -63266.148168
   15120     -63263.483698
   15140     -63268.915833
   15160     -63267.132361
   15180     -63271.167404
   15200     -63276.098293
   15220     -63282.653409
   15240     -63284.899868
   15260     -63280.275702
   15280     -63282.582530
   15300     -63289.430234
   15320     -63291.390998
   15340     -63291.912652
   15360     -63294.539600
   15380     -63292.160485
   15400     -63298.039530
   15420     -63300.077168
   15440     -63308.378469
   15460     -63312.351545
   15480     -63314.498158
   15500     -63317.262015
   15520     -63320.258542
   15540     -63322.714136
   15560     -63323.845043
   15580     -63317.577395
   15600     -63324.351460
   15620     -63324.774149
   15640     -63323.966422
   15660     -63325.509536
   15680     -63328.726788
   15700     -63328.768100
   15720     -63335.079944
   15740     -63336.264905
   15760     -63334.797523
   15780     -63346.348550
   15800     -63340.795728
   15820     -63342.735624
   15840     -63337.753143
   15860     -63339.565524
   15880     -63338.866212
   15900     -63341.336713
   15920     -63343.614634
   15940     -63341.805489
   15960     -63346.276022
   15980     -63345.027142
   16000     -63347.887163
   16020     -63350.271169
   16040     -63356.968353
   16060     -63363.136327
   16080     -63369.392477
   16100     -63372.972735
   16120     -63380.618204
   16140     -63381.628898
   16160     -63380.088190
   16180     -63384.474034
   16200     -63390.605228
   16220     -63395.708157
   16240     -63388.491181
   16260     -63391.879320
   16280     -63390.322119
   16300     -63389.608742
   16320     -63390.142363
   16340     -63395.177189
   16360     -63396.846802
   16380     -63397.210180
   16400     -63403.588965
   16420     -63397.880900
   16440     -63409.242925
   16460     -63411.908003
   16480     -63418.088137
   16500     -63416.975157
   16520     -63419.973327
   16540     -63414.290342
   16560     -63423.134693
   16580     -63416.528652
   16600     -63418.661879
   16620     -63417.856586
   16640     -63423.288055
   16660     -63432.306693
   16680     -63431.717424
   16700     -63431.761285
   16720     -63435.562048
   16740     -63442.455603
   16760     -63443.863272
   16780     -63441.383673
   16800     -63444.214867
   16820     -63448.663985
   16840     -63457.894604
   16860     -63450.660603
   16880     -63451.701400
   16900     -63457.787903
   16920     -63459.019276
   16940     -63453.807993
   16960     -63454.501525
   16980     -63457.235044
   17000     -63459.847331
   17020     -63463.521731
   17040     -63465.920732
   17060     -63467.704682
   17080     -63471.742493
   17100     -63468.160967
   17120     -63473.928092
   17140     -63470.391557
   17160     -63473.873975
   17180     -63477.760041
   17200     -63476.880586
   17220     -63481.664247
   17240     -63483.329596
   17260     -63493.453266
   17280     -63499.440224
   17300     -63504.186617
   17320     -63496.031605
   17340     -63499.838998
   17360     -63501.000644
   17380     -63503.794096
   17400     -63499.172026
   17420     -63505.197744
   17440     -63508.055332
   17460     -63512.360061
   17480     -63518.430345
   17500     -63521.272334
   17520     -63521.049979
   17540     -63519.266775
   17560     -63521.671013
   17580     -63530.003281
   17600     -63529.591278
   17620     -63525.980568
   17640     -63529.752951
   17660     -63532.211728
   17680     -63531.103365
   17700     -63530.411096
   17720     -63536.583284
   17740     -63537.102900
   17760     -63542.040085
   17780     -63542.419515
   17800     -63546.456575
   17820     -63545.206532
   17840     -63544.866022
   17860     -63546.935651
   17880     -63546.803614
   17900     -63543.661865
   17920     -63555.583215
   17940     -63550.788521
   17960     -63557.409061
   17980     -63564.290467
   18000     -63566.982111
   18020     -63564.896752
   18040     -63568.438852
   18060     -63568.700426
   18080     -63576.652957
   18100     -63577.812670
   18120     -63578.908857
   18140     -63582.092906
   18160     -63587.799704
   18180     -63589.759333
   18200     -63587.782573
   18220     -63593.137408
   18240     -63596.837708
   18260     -63592.675568
   18280     -63590.710334
   18300     -63597.368823
   18320     -63594.074685
   18340     -63596.324932
   18360     -63595.458545
   18380     -63603.750210
   18400     -63609.877881
   18420     -63610.722202
   18440     -63604.958653
   18460     -63610.215273
   18480     -63615.623604
   18500     -63615.489628
   18520     -63621.602875
   18540     -63619.568788
   18560     -63625.426783
   18580     -63622.546038
   18600     -63628.789386
   18620     -63624.809544
   18640     -63627.362396
   18660     -63631.378245
   18680     -63628.677999
   18700     -63638.758734
   18720     -63634.250176
   18740     -63635.033210
   18760     -63641.772020
   18780     -63656.395065
   18800     -63652.315269
   18820     -63659.818170
   18840     -63666.519109
   18860     -63664.842467
   18880     -63673.912770
   18900     -63673.703034
   18920     -63686.802522
   18940     -63682.440216
   18960     -63686.690888
   18980     -63686.640114
   19000     -63690.593247
   19020     -63689.144726
   19040     -63688.909392
   19060     -63688.058033
   19080     -63687.017966
   19100     -63691.537695
   19120     -63693.570235
   19140     -63693.800224
   19160     -63695.738576
   19180     -63694.423437
   19200     -63692.591216
   19220     -63693.061616
   19240     -63699.172055
   19260     -63700.994280
   19280     -63701.615324
   19300     -63702.446181
   19320     -63707.693271
   19340     -63705.299982
   19360     -63711.725062
   19380     -63712.513358
   19400     -63711.484968
   19420     -63718.443490
   19440     -63722.893145
   19460     -63719.205375
   19480     -63726.584672
   19500     -63729.656255
   19520     -63729.100481
   19540     -63735.871172
   19560     -63737.304603
   19580     -63740.300855
   19600     -63740.368708
   19620     -63748.944505
   19640     -63751.762730
   19660     -63760.790958
   19680     -63753.693367
   19700     -63751.399797
   19720     -63754.240370
   19740     -63759.384172
   19760     -63754.231565
   19780     -63759.353463
   19800     -63764.070584
   19820     -63759.745173
   19840     -63763.517937
   19860     -63767.576067
   19880     -63771.592447
   19900     -63778.115611
   19920     -63778.824175
   19940     -63777.841902
   19960     -63775.197150
   19980     -63779.912301
   20000     -63781.931030
   20020     -63779.675869
   20040     -63783.998278
   20060     -63789.322043
   20080     -63795.616980
   20100     -63796.145973
   20120     -63804.103728
   20140     -63803.649994
   20160     -63803.638896
   20180     -63807.070823
   20200     -63808.419439
   20220     -63807.008321
   20240     -63813.576135
   20260     -63801.621057
   20280     -63810.604783
   20300     -63811.141576
   20320     -63809.921810
   20340     -63809.479085
   20360     -63812.139006
   20380     -63810.819227
   20400     -63812.546381
   20420     -63813.244980
   20440     -63816.784570
   20460     -63821.973001
   20480     -63829.919826
   20500     -63825.073467
   20520     -63832.325856
   20540     -63825.953415
   20560     -63831.419279
   20580     -63832.928963
   20600     -63834.110374
   20620     -63836.577615
   20640     -63834.534081
   20660     -63838.332647
   20680     -63847.938874
   20700     -63845.410708
   20720     -63846.999328
   20740     -63849.536374
   20760     -63850.432708
   20780     -63854.937961
   20800     -63849.279954
   20820     -63850.102208
   20840     -63853.124376
   20860     -63857.775466
   20880     -63856.961792
   20900     -63858.816534
   20920     -63860.498863
   20940     -63856.796337
   20960     -63863.063708
   20980     -63863.293508
   21000     -63860.705809
   21020     -63863.606253
   21040     -63861.308319
   21060     -63858.590518
   21080     -63867.018394
   21100     -63870.932201
   21120     -63869.794450
   21140     -63873.837129
   21160     -63876.808365
   21180     -63873.553033
   21200     -63874.001620
   21220     -63880.607438
   21240     -63870.943240
   21260     -63873.856551
   21280     -63880.730917
   21300     -63880.215444
   21320     -63886.107686
   21340     -63887.043306
   21360     -63883.429318
   21380     -63888.380705
   21400     -63887.641855
   21420     -63888.245397
   21440     -63894.788879
   21460     -63894.736890
   21480     -63893.196591
   21500     -63898.627134
   21520     -63902.182932
   21540     -63898.754623
   21560     -63897.738237
   21580     -63900.621601
   21600     -63901.445489
   21620     -63899.572629
   21640     -63901.108414
   21660     -63902.079203
   21680     -63904.646088
   21700     -63909.340818
   21720     -63904.622972
   21740     -63902.501800
   21760     -63907.936623
   21780     -63917.148597
   21800     -63917.499763
   21820     -63923.221892
   21840     -63922.586255
   21860     -63922.601224
   21880     -63925.810985
   21900     -63927.933825
   21920     -63925.980848
   21940     -63928.204914
   21960     -63927.979011
   21980     -63929.630020
   22000     -63930.272440
   22020     -63931.507784
   22040     -63941.847985
   22060     -63943.364527
   22080     -63942.378264
   22100     -63943.335225
   22120     -63941.059013
   22140     -63947.474033
   22160     -63941.813791
   22180     -63946.489657
   22200     -63953.752073
   22220     -63951.773789
   22240     -63958.150700
   22260     -63961.647192
   22280     -63970.332595
   22300     -63968.351002
   22320     -63971.529195
   22340     -63971.222019
   22360     -63981.027382
   22380     -63979.134056
   22400     -63979.317588
   22420     -63982.070169
   22440     -63983.681324
   22460     -63982.181940
   22480     -63983.549491
   22500     -63981.007491
   22520     -63988.728620
   22540     -63988.334774
   22560     -63991.593432
   22580     -63985.779596
   22600     -63989.351351
   22620     -63984.529869
   22640     -63986.999451
   22660     -63986.806319
   22680     -63982.349987
   22700     -63986.410040
   22720     -63989.445157
   22740     -63991.171733
   22760     -63992.113875
   22780     -63990.628432
   22800     -63997.174622
   22820     -63997.425771
   22840     -63995.857445
   22860     -64004.316101
   22880     -63996.928778
   22900     -63999.476801
   22920     -64009.801310
   22940     -64008.882783
   22960     -64011.757698
   22980     -64015.428209
   23000     -64019.796942
   23020     -64021.645109
   23040     -64023.015308
   23060     -64022.791060
   23080     -64023.697222
   23100     -64025.559631
   23120     -64024.918119
   23140     -64029.301418
   23160     -64030.490495
   23180     -64031.849119
   23200     -64036.556445
   23220     -64038.921240
   23240     -64036.591379
   23260     -64038.176168
   23280     -64040.335294
   23300     -64043.437410
   23320     -64045.236663
   23340     -64042.352715
   23360     -64049.254851
   23380     -64053.241214
   23400     -64048.063123
   23420     -64054.252299
   23440     -64051.703454
   23460     -64055.762998
   23480     -64054.555195
   23500     -64057.569692
   23520     -64059.438122
   23540     -64058.093643
   23560     -64059.250114
   23580     -64052.721470
   23600     -64060.986229
   23620     -64058.628281
   23640     -64062.244532
   23660     -64061.419282
   23680     -64065.918943
   23700     -64073.954432
   23720     -64073.507834
   23740     -64077.655207
   23760     -64077.036209
   23780     -64079.248337
   23800     -64083.464874
   23820     -64086.920347
   23840     -64086.234897
   23860     -64089.134731
   23880     -64089.783587
   23900     -64083.138833
   23920     -64089.543829
   23940     -64092.584636
   23960     -64093.008175
   23980     -64092.078846
   24000     -64093.685230
   24020     -64098.202798
   24040     -64100.447399
   24060     -64099.795078
   24080     -64101.438728
   24100     -64103.975849
   24120     -64100.983768
   24140     -64099.291255
   24160     -64104.230059
   24180     -64109.752674
   24200     -64113.989443
   24220     -64115.242868
   24240     -64118.914228
   24260     -64119.476777
   24280     -64118.862464
   24300     -64121.025734
   24320     -64123.254752
   24340     -64125.574341
   24360     -64125.038517
   24380     -64125.718968
   24400     -64127.416370
   24420     -64121.441698
   24440     -64121.414722
   24460     -64120.236137
   24480     -64120.193677
   24500     -64122.515073
   24520     -64121.964841
   24540     -64129.283588
   24560     -64123.984238
   24580     -64124.066753
   24600     -64129.497254
   24620     -64123.797506
   24640     -64124.659157
   24660     -64125.966086
   24680     -64131.517938
   24700     -64131.503973
   24720     -64140.710297
   24740     -64142.254761
   24760     -64146.846586
   24780     -64144.164713
   24800     -64143.765378
   24820     -64143.690814
   24840     -64148.714022
   24860     -64150.957965
   24880     -64158.758688
   24900     -64160.291605
   24920     -64160.838986
   24940     -64161.735994
   24960     -64157.853373
   24980     -64157.162765
   25000     -64160.579755
   25020     -64162.636396
   25040     -64164.674842
   25060     -64171.638696
   25080     -64171.993277
   25100     -64167.475978
   25120     -64175.467976
   25140     -64176.263405
   25160     -64182.766841
   25180     -64182.252233
   25200     -64184.319885
   25220     -64186.056341
   25240     -64188.113699
   25260     -64192.657886
   25280     -64193.248597
   25300     -64197.602637
   25320     -64202.318272
   25340     -64204.520905
   25360     -64207.792964
   25380     -64208.385288
   25400     -64211.004343
   25420     -64207.517585
   25440     -64214.700424
   25460     -64214.733478
   25480     -64209.782342
   25500     -64210.620117
   25520     -64211.025487
   25540     -64212.001366
   25560     -64220.042147
   25580     -64223.573258
   25600     -64223.813099
   25620     -64223.784686
   25640     -64233.659769
   25660     -64236.260374
   25680     -64230.717023
   25700     -64238.177414
   25720     -64234.399919
   25740     -64241.326968
   25760     -64240.270928
   25780     -64242.715718
   25800     -64245.523361
   25820     -64248.613174
   25840     -64246.036160
   25860     -64250.759023
   25880     -64256.727243
   25900     -64255.730536
   25920     -64257.704361
   25940     -64265.959786
   25960     -64264.238533
   25980     -64266.798499
   26000     -64269.323667
   26020     -64263.277447
   26040     -64274.329232
   26060     -64276.257891
   26080     -64275.433435
   26100     -64275.165761
   26120     -64272.890086
   26140     -64272.387576
   26160     -64273.938179
   26180     -64273.819225
   26200     -64284.338413
   26220     -64282.537722
   26240     -64283.983183
   26260     -64281.604067
   26280     -64285.076056
   26300     -64293.976549
   26320     -64289.927745
   26340     -64296.042465
   26360     -64295.152667
   26380     -64293.587289
   26400     -64294.006913
   26420     -64293.364770
   26440     -64297.768414
   26460     -64297.222763
   26480     -64294.343753
   26500     -64304.918219
   26520     -64310.485492
   26540     -64308.447609
   26560     -64310.779331
   26580     -64310.206126
   26600     -64311.799969
   26620     -64307.385348
   26640     -64320.392466
   26660     -64323.897002
   26680     -64318.907948
   26700     -64319.026846
   26720     -64322.416076
   26740     -64319.173600
   26760     -64323.974866
   26780     -64320.988068
   26800     -64326.916627
   26820     -64325.627696
   26840     -64323.744944
   26860     -64327.256680
   26880     -64325.315402
   26900     -64323.104951
   26920     -64326.655786
   26940     -64324.830953
   26960     -64322.197990
   26980     -64332.808155
   27000     -64330.992753
   27020     -64324.545467
   27040     -64334.836415
   27060     -64338.944476
   27080     -64337.618227
   27100     -64339.148028
   27120     -64332.661657
   27140     -64333.470525
   27160     -64335.275019
   27180     -64341.658810
   27200     -64344.607663
   27220     -64345.424636
   27240     -64340.123879
   27260     -64344.295006
   27280     -64346.430478
   27300     -64345.381313
   27320     -64350.288257
   27340     -64351.642242
   27360     -64348.214258
   27380     -64354.948317
   27400     -64357.386045
   27420     -64360.643899
   27440     -64361.990777
   27460     -64358.256583
   27480     -64359.941519
   27500     -64358.573581
   27520     -64361.968348
   27540     -64365.359467
   27560     -64365.372226
   27580     -64367.748533
   27600     -64366.855294
   27620     -64368.642392
   27640     -64374.733583
   27660     -64371.860423
   27680     -64374.502742
   27700     -64370.802702
   27720     -64376.662521
   27740     -64383.582827
   27760     -64383.431146
   27780     -64381.613379
   27800     -64382.100778
   27820     -64385.851811
   27840     -64387.209480
   27860     -64387.478939
   27880     -64385.786549
   27900     -64388.876019
   27920     -64390.760128
   27940     -64392.915465
   27960     -64391.816955
   27980     -64393.211269
   28000     -64394.108409
   28020     -64401.216599
   28040     -64406.060105
   28060     -64401.406058
   28080     -64407.207516
   28100     -64408.877298
   28120     -64411.643358
   28140     -64414.824178
   28160     -64411.333253
   28180     -64417.666822
   28200     -64418.687788
   28220     -64408.657807
   28240     -64411.114023
   28260     -64416.370005
   28280     -64418.092463
   28300     -64412.022368
   28320     -64414.633881
   28340     -64414.962157
   28360     -64409.748153
   28380     -64415.191868
   28400     -64419.382385
   28420     -64418.094613
   28440     -64421.808286
   28460     -64420.833286
   28480     -64422.672358
   28500     -64424.717474
   28520     -64422.119864
   28540     -64425.504728
   28560     -64424.125897
   28580     -64430.137594
   28600     -64426.029418
   28620     -64425.545026
   28640     -64427.259568
   28660     -64429.058687
   28680     -64425.878885
   28700     -64423.551376
   28720     -64425.626073
   28740     -64428.053033
   28760     -64436.647000
   28780     -64437.573631
   28800     -64434.553878
   28820     -64436.248113
   28840     -64439.075616
   28860     -64441.538989
   28880     -64444.269716
   28900     -64443.075771
   28920     -64441.886841
   28940     -64440.865839
   28960     -64445.780331
   28980     -64444.304316
   29000     -64442.062477
   29020     -64452.802446
   29040     -64445.604992
   29060     -64451.502015
   29080     -64454.271120
   29100     -64454.815022
   29120     -64452.061337
   29140     -64445.611251
   29160     -64451.496789
   29180     -64456.390564
   29200     -64459.059047
   29220     -64459.687779
   29240     -64459.627916
   29260     -64454.349952
   29280     -64457.062571
   29300     -64456.754356
   29320     -64461.942398
   29340     -64459.735547
   29360     -64461.347334
   29380     -64459.039812
   29400     -64454.087872
   29420     -64463.898273
   29440     -64461.846094
   29460     -64467.088205
   29480     -64463.304166
   29500     -64469.316743
   29520     -64463.836805
   29540     -64465.318121
   29560     -64467.493791
   29580     -64461.817503
   29600     -64465.180540
   29620     -64465.866194
   29640     -64467.224204
   29660     -64472.855776
   29680     -64472.637652
   29700     -64476.660010
   29720     -64477.097732
   29740     -64475.576068
   29760     -64474.390676
   29780     -64475.502134
   29800     -64482.197078
   29820     -64480.001473
   29840     -64486.357486
   29860     -64483.383808
   29880     -64486.911565
   29900     -64488.311056
   29920     -64485.555366
   29940     -64486.581473
   29960     -64484.412616
   29980     -64485.324547
   30000     -64486.116624
