   10000    153.075310     44.836547
   10020    145.513867     44.698189
   10040    155.102536     45.627674
   10060    158.023301     46.054714
   10080    157.753623     45.925778
   10100    148.519640     44.492982
   10120    108.151989     37.908741
   10140    155.747714     45.404007
   10160    143.462851     44.346722
   10180    145.478340     42.992604
   10200    157.068762     45.294447
   10220    152.230695     45.103758
   10240    152.687941     45.181242
   10260    149.133890     44.733450
   10280    150.250640     44.741835
   10300    146.060512     44.727701
   10320    150.935251     44.941017
   10340    125.178624     41.547623
   10360    147.492660     43.524206
   10380    144.188612     44.805740
   10400    160.188982     46.437753
   10420    153.146928     44.964607
   10440    149.659962     44.479232
   10460    157.596699     46.107168
   10480    150.503742     44.524616
   10500    147.134619     43.814944
   10520    159.514603     46.003845
   10540    151.624908     45.171841
   10560    160.183274     46.507706
   10580    102.045879     37.529149
   10600    149.306551     44.872986
   10620    146.039977     45.341253
   10640    146.721127     44.558180
   10660    129.007334     41.175738
   10680    158.395725     46.346498
   10700    133.204661     42.662860
   10720    144.339195     44.073470
   10740    153.210011     45.156596
   10760    140.671463     43.613538
   10780    147.751094     44.981464
   10800    149.328910     44.804008
   10820    144.915888     43.508346
   10840    141.219935     42.831202
   10860    153.402234     45.029467
   10880    156.069278     46.217628
   10900    159.088237     46.448299
   10920    147.840364     44.388942
   10940    149.032131     43.685246
   10960    156.206408     46.032977
   10980    149.976348     44.690365
   11000    147.930106     44.028192
   11020    153.643040     45.216625
   11040    154.904581     46.148895
   11060    159.203855     46.394455
   11080    138.569772     43.877390
   11100    155.815601     45.671787
   11120    145.077354     44.690007
   11140    155.251213     45.845401
   11160    150.843516     44.255980
   11180    160.286722     46.345801
   11200    154.832238     44.842239
   11220    157.440564     45.912387
   11240    150.764641     44.414283
   11260    149.519958     44.410976
   11280    150.227023     44.775933
   11300    150.728669     45.133785
   11320    157.870498     46.065733
   11340    146.086752     43.260743
   11360    140.065056     43.616347
   11380    152.252876     44.868399
   11400    157.527349     45.747298
   11420    151.517958     44.601307
   11440    112.511225     38.241182
   11460    136.991925     42.349116
   11480    147.252693     44.436434
   11500    150.571797     44.785955
   11520    153.241010     44.681767
   11540    154.930784     45.638641
   11560    149.999072     44.079101
   11580    131.138544     41.263089
   11600    147.325046     43.774024
   11620    148.885524     44.379267
   11640    151.162565     45.937480
   11660    136.313474     42.228796
   11680    143.523571     43.661654
   11700    138.594176     43.713203
   11720    149.398128     44.903773
   11740    143.893657     43.946825
   11760    115.394305     40.124198
   11780    146.053641     44.749269
   11800    154.197012     45.509254
   11820    147.095705     45.277643
   11840    126.824329     39.370510
   11860    140.926645     43.373537
   11880    133.157185     43.209608
   11900    150.078491     44.417010
   11920    145.397777     44.500894
   11940    146.831951     43.704549
   11960    140.724886     43.961104
   11980    132.106690     41.343665
   12000    150.822923     45.290686
   12020    140.609154     44.699716
   12040    158.823536     46.124564
   12060    157.191111     46.065283
   12080    136.979893     41.894970
   12100    154.271432     45.511450
   12120    148.258596     44.805310
   12140    129.794894     42.682986
   12160    152.057947     45.570026
   12180    158.112593     45.793598
   12200    153.197089     45.627590
   12220    148.203030     43.751374
   12240    149.906970     44.668655
   12260    111.202917     39.838272
   12280    157.612662     45.623418
   12300    159.393183     46.212722
   12320    137.143462     42.634032
   12340    150.634452     43.989876
   12360    151.323566     44.896814
   12380    145.809211     44.156104
   12400    155.642690     45.440181
   12420    144.941262     43.727524
   12440    156.209785     45.768163
   12460    153.287588     44.642700
   12480    144.027427     43.315077
   12500    157.960615     46.407289
   12520    150.353966     44.142958
   12540    143.377022     44.676599
   12560    149.083376     45.091625
   12580    146.538770     43.717129
   12600    154.764618     46.113464
   12620    151.471112     44.998260
   12640    146.834394     44.108053
   12660    140.886281     43.312538
   12680    157.627557     45.764812
   12700    148.470883     45.206311
   12720    157.639774     45.914861
   12740    147.610111     44.668305
   12760    152.178431     45.281077
   12780    156.438431     45.553346
   12800    153.931414     45.312689
   12820    158.848179     46.368542
   12840    113.077583     40.847444
   12860    136.094748     43.915837
   12880    141.089531     43.943590
   12900    139.654534     43.499208
   12920    154.959576     44.803723
   12940    153.992492     45.388443
   12960    154.129838     45.184749
   12980    154.369705     45.182602
   13000    153.659995     45.302403
   13020    155.463187     45.883821
   13040    122.512762     40.656582
   13060    119.795089     40.313631
   13080    124.983401     41.392477
   13100    157.617585     45.850802
   13120    156.963258     45.899292
   13140    145.624811     44.288470
   13160    152.338351     45.338226
   13180    154.848457     45.547218
   13200    147.343122     44.880124
   13220    150.882965     44.705990
   13240    147.142779     44.385148
   13260    136.272100     42.357955
   13280    157.665077     46.028064
   13300    142.115144     43.609038
   13320    136.760961     43.140788
   13340    154.983640     45.602878
   13360    150.589611     44.872455
   13380    148.170244     44.511213
   13400    131.399091     42.983400
   13420    126.875614     40.387395
   13440    152.670893     44.890658
   13460    150.068252     44.064384
   13480    156.749203     45.487858
   13500    140.452026     42.916617
   13520    157.016830     46.045574
   13540    140.203339     43.125314
   13560    139.989410     43.966913
   13580    139.556504     42.334866
   13600    153.184189     44.999073
   13620    122.357060     40.324921
   13640    153.032247     44.753367
   13660    128.566379     41.754261
   13680    137.761363     43.764551
   13700    152.041963     44.843777
   13720    150.829170     44.102761
   13740    152.451320     44.637792
   13760    151.901669     45.272506
   13780    155.528476     45.445140
   13800    149.502038     44.445511
   13820    143.857776     44.090687
   13840    158.410505     45.680995
   13860    146.630589     44.756103
   13880    155.923500     45.331671
   13900    146.009966     42.731633
   13920    155.830945     45.822581
   13940    153.344599     45.236383
   13960    150.663753     44.770275
   13980    147.091686     44.272352
   14000    152.419460     45.438240
   14020    147.998824     43.986391
   14040    148.821055     44.687993
   14060    155.806004     45.847184
   14080    145.593899     44.654302
   14100    158.960138     46.267446
   14120    118.612762     39.706015
   14140    104.624912     36.731041
   14160    153.452092     45.533927
   14180    135.316267     40.705015
   14200    148.191951     44.511613
   14220    156.215771     45.697663
   14240    139.998109     43.740747
   14260    143.570946     43.644316
   14280    147.173934     44.684965
   14300    150.690237     45.614672
   14320    150.596214     45.153276
   14340    143.991369     43.947516
   14360    145.386901     43.680494
   14380    152.388621     44.476858
   14400    159.034828     46.328822
   14420    158.668654     46.455808
   14440    157.182464     45.801841
   14460    115.466884     39.406428
   14480    152.713136     45.081981
   14500    146.857686     43.209545
   14520    157.551370     46.327037
   14540    156.391874     45.997221
   14560    159.180819     46.316252
   14580    159.835790     46.461251
   14600    156.421286     45.292880
   14620    156.270782     45.796270
   14640    150.162182     44.834405
   14660    153.825503     45.064339
   14680    153.943578     45.716940
   14700    148.159302     44.699294
   14720    148.164066     44.178919
   14740    155.873069     46.275020
   14760    157.243526     45.940213
   14780    154.877579     45.628006
   14800    157.320685     45.528858
   14820    159.442946     46.148804
   14840    156.878396     46.168926
   14860    113.802993     40.009205
   14880    156.377518     45.550336
   14900    149.559180     44.480164
   14920    157.939024     45.952083
   14940    137.878320     43.350666
   14960    159.310417     46.383821
   14980    145.343255     44.653186
   15000    135.738926     42.906592
   15020    158.205780     46.043687
   15040    129.934153     41.655083
   15060    141.494682     44.336270
   15080    128.724146     41.824730
   15100    155.236277     45.716181
   15120    149.551155     43.953855
   15140    157.639229     45.817940
   15160    157.678428     45.773864
   15180    143.032126     44.412144
   15200    154.047850     45.494251
   15220    152.759821     45.877365
   15240    152.928998     45.830624
   15260    147.934060     44.408883
   15280    154.763646     45.712932
   15300    159.465007     46.386259
   15320    136.741290     41.569329
   15340    137.994164     43.046380
   15360    135.828229     42.267002
   15380    151.405878     45.240059
   15400    155.203710     45.725262
   15420    120.863885     39.819683
   15440    155.051454     45.772998
   15460    156.952634     46.091767
   15480    141.535420     43.093960
   15500    147.907210     44.671878
   15520    153.086217     45.219406
   15540    156.411736     46.261119
   15560    148.977302     44.082116
   15580    158.403399     46.095399
   15600    151.497421     45.478347
   15620    134.776398     42.635474
   15640    143.970971     43.927831
   15660    153.800095     44.835761
   15680    143.030138     43.980100
   15700    158.571652     45.874310
   15720    156.769804     45.509176
   15740    148.561479     45.040277
   15760    151.993784     43.913593
   15780    141.313340     43.121180
   15800    144.312456     43.690964
   15820    156.730238     45.528377
   15840    156.108699     45.522881
   15860    156.824255     45.912185
   15880    155.389488     45.710563
   15900    145.888887     44.635176
   15920    145.593336     44.981230
   15940    146.096119     43.808814
   15960    154.036086     45.418642
   15980    152.817808     45.461939
   16000    148.841085     45.182415
   16020    150.071239     44.354734
   16040    155.054452     45.135704
   16060    156.906706     45.994010
   16080    145.777644     43.586376
   16100    152.673222     44.619736
   16120    117.903174     39.367673
   16140    151.139192     44.511681
   16160    149.671974     45.136826
   16180    156.629819     46.030218
   16200     98.385990     36.902672
   16220    138.270533     43.002789
   16240    144.018956     43.170472
   16260    151.883764     45.400645
   16280    154.474893     45.159900
   16300    143.971623     42.839528
   16320    161.070314     46.700094
   16340    142.929269     43.975031
   16360    137.249194     43.498041
   16380    150.459376     44.359039
   16400    144.732352     43.054043
   16420    143.448976     44.246907
   16440    154.745114     45.656529
   16460    137.628500     43.666326
   16480    144.184272     44.372748
   16500    143.673244     43.259310
   16520    144.490240     43.482774
   16540    145.156037     43.564198
   16560    149.500904     44.659839
   16580    157.671515     45.946094
   16600    156.058690     45.421809
   16620    150.671300     44.898168
   16640    144.374248     42.825838
   16660     86.121330     34.769681
   16680    150.182544     44.232300
   16700    157.492542     45.811293
   16720    155.628553     45.766875
   16740    139.497412     41.625556
   16760    151.619878     45.623897
   16780    153.871375     45.420253
   16800    133.016850     42.997506
   16820    147.506996     44.559079
   16840    154.270312     45.375886
   16860    134.917721     42.310620
   16880    157.634547     45.999262
   16900    155.304896     45.631629
   16920    156.745119     46.109792
   16940    158.125741     46.099004
   16960    145.410716     44.783237
   16980    155.454368     45.588248
   17000    141.929809     42.944618
   17020    152.505305     44.507178
   17040    150.422112     43.904473
   17060    154.201628     45.765427
   17080    138.855817     43.410070
   17100    146.706504     45.019383
   17120    159.974719     46.651015
   17140    147.260426     44.699973
   17160    141.438755     43.900692
   17180    143.190430     42.680028
   17200    126.173517     40.487597
   17220     77.734275     34.575780
   17240    140.759565     44.771304
   17260    158.575020     46.258687
   17280    147.804217     44.438054
   17300    120.805892     41.719244
   17320    134.365695     42.305522
   17340    154.192586     45.793475
   17360    146.370558     44.210462
   17380    160.488857     46.448219
   17400    142.265939     43.502162
   17420    147.366750     44.244181
   17440    147.993944     45.057900
   17460    153.901282     45.343733
   17480    150.752868     45.038255
   17500    155.753316     45.245543
   17520    157.680301     46.098548
   17540    144.604513     44.342899
   17560    118.349072     40.544692
   17580    149.285622     44.483168
   17600    147.603173     43.230233
   17620    130.599991     41.821329
   17640    126.365693     40.305881
   17660    138.681669     42.716899
   17680    158.412392     46.300350
   17700    139.062115     42.626254
   17720    156.580700     45.449421
   17740    158.218480     46.141029
   17760    159.524024     46.472799
   17780    150.751194     44.606608
   17800    159.996294     46.477906
   17820    139.737014     42.407684
   17840    156.634613     45.788715
   17860    149.811998     45.041447
   17880    141.150990     42.649241
   17900    147.336457     44.999661
   17920    152.787988     45.287854
   17940    151.553198     45.173963
   17960    145.701599     43.085699
   17980    149.700702     44.704308
   18000    155.581470     44.989559
   18020    140.692411     43.608586
   18040    156.733823     45.823056
   18060    153.044678     45.430332
   18080    157.752191     45.852676
   18100    153.876453     44.932934
   18120    151.309910     45.130303
   18140    142.961762     44.868044
   18160    157.121436     46.195794
   18180    155.806665     45.725692
   18200    154.615841     45.226996
   18220    156.301615     45.875411
   18240    144.505464     44.518931
   18260    152.640962     44.939346
   18280    152.675350     44.857991
   18300    158.355056     45.980462
   18320    137.920628     43.432471
   18340    138.048646     43.718740
   18360    151.672543     44.733607
   18380    147.545870     44.371227
   18400    154.472714     45.335080
   18420    133.198400     41.931143
   18440    155.275058     45.728049
   18460    137.167424     42.292465
   18480    147.500017     44.573636
   18500    156.196917     46.089493
   18520    152.877009     45.343172
   18540    155.257322     45.742537
   18560    150.718942     44.498115
   18580    149.765708     45.254305
   18600    156.599460     46.100191
   18620    158.404354     45.947611
   18640    124.537339     40.345013
   18660    152.946227     44.923585
   18680    138.952772     41.711156
   18700    156.557908     46.082734
   18720    143.711736     43.177139
   18740    150.017056     45.071438
   18760    147.221237     44.080275
   18780    155.893563     46.181004
   18800    139.816033     42.779950
   18820    159.621027     46.777628
   18840    160.318476     46.570213
   18860    126.139752     40.868343
   18880    123.103824     40.313592
   18900    152.317937     45.340013
   18920    152.404317     44.370985
   18940    158.680282     46.109889
   18960    151.133918     45.118988
   18980    158.629384     45.979472
   19000    161.413145     46.717856
   19020    146.650649     43.966041
   19040    144.492042     43.310404
   19060    143.067083     42.405860
   19080    148.182476     44.922497
   19100    140.895469     43.388202
   19120    155.899579     45.700207
   19140    144.354685     44.242212
   19160    148.204744     44.145832
   19180    150.574952     45.126279
   19200    131.631408     41.331408
   19220    157.219260     45.506794
   19240    139.329253     42.743641
   19260    148.393816     43.863372
   19280    116.511657     40.367349
   19300    145.558395     42.493279
   19320    135.588596     43.022933
   19340    149.168418     43.622032
   19360    152.024885     45.348833
   19380    153.992987     45.196672
   19400    153.953668     44.930516
   19420    146.492748     43.771857
   19440    146.913182     43.430558
   19460    131.600798     41.491847
   19480    156.339637     45.833694
   19500    155.099884     45.813074
   19520    138.790998     42.788458
   19540    147.692923     44.789613
   19560    139.861633     44.226936
   19580     98.255973     37.261979
   19600    156.367134     45.592741
   19620    156.050194     46.121838
   19640    144.133452     43.581066
   19660    136.594393     41.984607
   19680    141.426354     42.258298
   19700    149.446170     45.314540
   19720    152.716742     44.859111
   19740    151.981820     45.300795
   19760    155.973485     45.033798
   19780    157.142023     46.055987
   19800    151.092174     44.110969
   19820    142.603969     44.076940
   19840    144.033924     44.461994
   19860    148.562698     44.964869
   19880    151.078274     44.693677
   19900    120.875204     41.537592
   19920    134.998189     42.689300
   19940    151.031145     45.164887
   19960    150.068428     45.323857
   19980    118.842519     40.280877
   20000    140.974956     43.931718
   20020    148.319460     44.853604
   20040    154.887609     45.621038
   20060    154.482535     45.357401
   20080    160.025841     46.325491
   20100    155.019106     45.311468
   20120    153.884932     45.391411
   20140    151.290844     45.145420
   20160    156.622377     46.125471
   20180    157.745805     46.248003
   20200    160.434833     46.466928
   20220    148.972740     45.118462
   20240    156.258667     45.224255
   20260    131.460751     40.525057
   20280    150.653322     45.409408
   20300    140.470789     42.415785
   20320    128.270563     41.203939
   20340    153.422371     45.018549
   20360    137.311098     43.414939
   20380    150.711591     45.343327
   20400    150.376925     44.798123
   20420    137.646691     42.790072
   20440    148.619157     44.814144
   20460    147.627727     44.294868
   20480    149.810251     43.945885
   20500    128.825459     42.820125
   20520    149.068963     43.626725
   20540    129.715113     40.175446
   20560    144.316605     42.554018
   20580    144.291110     43.833675
   20600    147.439043     45.215653
   20620    116.573743     39.166195
   20640    134.373523     42.443616
   20660    156.581634     45.785233
   20680    131.815081     42.409784
   20700    150.032837     44.450230
   20720    124.258731     41.243372
   20740    154.568486     45.821267
   20760    146.496571     44.168273
   20780    149.262047     44.623134
   20800    157.911607     46.297714
   20820    156.925469     46.025630
   20840    151.449747     45.080147
   20860    154.241247     45.923290
   20880    148.804584     44.321793
   20900    147.126586     44.634362
   20920    133.194002     41.746874
   20940    155.060284     45.214132
   20960    125.539365     40.213375
   20980    148.496632     44.906296
   21000    158.253181     46.339762
   21020    151.580746     45.106260
   21040    153.978971     44.944117
   21060    134.791264     41.402571
   21080    151.113819     44.936371
   21100    157.106298     45.739492
   21120    119.903169     39.627337
   21140    153.006977     45.756193
   21160    151.798782     45.166189
   21180    152.863161     44.991469
   21200    149.096437     44.527298
   21220    144.736089     44.331402
   21240    153.241804     45.575619
   21260    154.690155     45.527631
   21280    154.427312     45.128049
   21300    144.149452     45.256448
   21320    141.749030     44.123059
   21340    126.234527     42.101372
   21360    138.905492     43.880329
   21380    146.025060     44.574087
   21400    131.737768     42.714815
   21420    109.922585     39.593806
   21440    145.904497     44.951046
   21460    158.194155     46.323193
   21480    154.659848     45.716871
   21500    140.300625     44.383237
   21520    154.945649     45.528389
   21540    150.511249     45.149662
   21560    157.016716     45.536628
   21580    156.521072     45.937247
   21600    154.757749     45.415355
   21620    154.844321     45.578565
   21640    136.787205     43.087683
   21660    135.946427     43.719628
   21680    131.679551     41.360581
   21700    147.660363     44.245613
   21720    156.327669     46.085727
   21740    145.554110     44.169233
   21760    157.521614     45.767995
   21780    157.539254     45.658250
   21800    156.763501     46.173076
   21820    131.979343     41.014663
   21840    156.255380     46.130561
   21860    158.179623     46.450041
   21880    140.913275     43.457006
   21900    138.844824     42.654276
   21920    104.784241     37.985650
   21940    152.077422     45.218879
   21960    156.010281     45.701719
   21980    150.674962     45.302586
   22000    155.907083     45.697883
   22020    133.847204     42.462708
   22040    153.579115     44.888990
   22060    133.778072     41.787028
   22080    133.624397     42.520380
   22100    146.419701     44.853197
   22120    124.042990     40.938699
   22140    149.948916     45.223866
   22160    130.715350     41.641029
   22180    151.785988     45.582421
   22200    137.923791     43.150734
   22220    138.342226     43.181769
   22240    160.083959     46.259405
   22260    139.979860     43.521174
   22280     96.636325     38.783586
   22300    151.031831     44.955539
   22320    135.015107     43.400598
   22340    149.552748     44.594666
   22360    153.666388     44.984068
   22380    138.962589     43.885511
   22400    155.607969     45.739401
   22420    144.777332     44.115480
   22440    153.909480     45.148152
   22460    154.333636     45.317656
   22480    132.810206     41.437182
   22500    155.928878     45.198078
   22520    135.255417     42.116006
   22540    154.580015     45.151294
   22560    158.366265     46.041922
   22580    142.350283     43.340595
   22600    137.085965     42.841194
   22620    157.490676     45.492851
   22640    155.231415     45.113271
   22660    157.214863     46.060486
   22680    148.369037     44.365135
   22700    156.691284     45.225335
   22720    152.097422     44.906818
   22740    155.388457     45.598560
   22760    151.881671     44.429339
   22780    154.621292     45.436456
   22800    119.452667     40.449988
   22820    154.446853     45.965539
   22840    149.013021     43.382827
   22860    156.850859     45.956956
   22880    155.396464     45.458486
   22900    119.132592     39.569461
   22920    151.693750     45.579203
   22940    154.760873     45.762537
   22960    150.931748     44.401830
   22980    157.972359     46.095925
   23000    152.046755     44.925099
   23020    147.695364     44.493012
   23040    111.240671     39.881690
   23060    156.259977     45.740114
   23080    143.706174     44.306917
   23100    148.430202     44.258965
   23120    154.549165     45.717284
   23140    153.903919     45.788738
   23160    137.879592     42.221065
   23180    140.383985     43.711136
   23200    155.435122     45.490410
   23220    154.326040     44.784970
   23240    149.906978     44.241482
   23260    153.499807     45.524369
   23280    145.940682     43.896259
   23300    157.158138     45.704573
   23320    158.112374     45.726220
   23340    147.356874     44.554143
   23360    151.199602     45.459599
   23380    153.851162     45.864779
   23400    155.919790     45.061631
   23420    155.290062     45.743688
   23440    156.707080     45.514913
   23460    135.380508     42.326883
   23480    143.793903     44.051768
   23500    148.004585     44.930260
   23520    148.144439     45.333927
   23540    153.413494     45.816766
   23560    155.443515     45.636877
   23580    123.348267     41.892322
   23600    156.421178     45.890818
   23620    157.912382     46.009644
   23640    147.923047     45.014234
   23660    157.268834     45.874871
   23680    143.222343     42.820938
   23700    155.124150     45.695888
   23720    157.606675     45.838077
   23740    142.456820     42.651787
   23760    152.290786     45.349083
   23780    125.173243     39.822999
   23800    154.167935     45.900486
   23820    152.580891     44.995566
   23840    140.936531     43.849705
   23860    155.938590     45.868259
   23880    137.856110     43.481862
   23900    148.097465     44.255678
   23920    155.374324     45.074684
   23940    158.283847     46.356280
   23960    153.930153     44.832049
   23980    135.111981     43.748865
   24000    153.310229     44.943741
   24020    129.070304     41.925531
   24040    155.932867     45.842991
   24060    150.292676     44.268890
   24080    143.400919     44.314073
   24100    149.623828     44.641164
   24120    145.628530     43.946748
   24140    151.160075     44.558347
   24160    158.549634     46.503898
   24180    155.405409     45.449643
   24200    155.181317     45.750769
   24220    127.609083     41.077681
   24240    152.761873     45.238522
   24260    139.291080     44.260037
   24280    155.419631     45.144382
   24300    151.355453     45.177270
   24320    153.602338     45.481784
   24340    144.713045     44.441365
   24360    160.440356     46.683103
   24380    150.693253     44.399289
   24400    145.908042     43.572872
   24420    136.271838     41.923092
   24440    158.734179     46.488726
   24460    156.634524     45.627064
   24480    128.092303     41.930152
   24500    154.485289     45.545610
   24520    156.419993     45.901070
   24540    152.105707     44.881053
   24560    158.393246     46.174183
   24580    152.963566     44.852774
   24600    146.258520     43.481251
   24620    156.579901     45.721762
   24640    156.964529     46.222823
   24660    146.617943     43.659721
   24680    143.081900     43.159196
   24700    136.293217     42.024583
   24720    154.966236     45.591850
   24740    155.106005     46.032312
   24760    149.672346     44.543397
   24780    153.575786     45.486883
   24800    150.851806     44.223197
   24820    142.257567     41.407494
   24840    152.048672     44.184693
   24860    153.355086     45.037103
   24880    145.953549     44.071727
   24900    154.502070     46.002017
   24920    134.002544     42.735592
   24940    159.182672     46.300389
   24960    125.777682     41.613807
   24980    157.430361     45.668119
   25000    157.231013     45.544650
   25020    153.517536     45.561160
   25040    151.980292     44.441874
   25060    140.155478     43.206937
   25080    105.571071     38.701209
   25100    140.372866     42.276804
   25120    160.633536     46.475096
   25140    156.323362     45.467961
   25160    151.192656     45.204839
   25180    135.362811     43.980511
   25200    142.358725     44.008467
   25220    155.378090     45.978933
   25240    103.668490     38.369092
   25260    153.096203     45.430567
   25280    145.478401     42.863305
   25300    153.854420     45.270488
   25320    151.014886     45.488950
   25340    159.225274     46.229794
   25360    147.417949     44.585807
   25380    156.310993     45.730448
   25400    143.253814     44.245484
   25420    151.897323     44.922365
   25440    155.807922     45.630069
   25460    153.159582     45.775240
   25480    125.962124     40.512848
   25500    152.967205     45.370365
   25520    132.040049     41.911600
   25540    150.852096     45.367091
   25560    154.168598     44.951962
   25580    144.839966     43.745259
   25600    141.422276     43.878202
   25620    156.964577     45.365191
   25640    154.768625     45.816505
   25660    151.463866     44.701322
   25680    149.143955     44.541108
   25700    122.583584     37.862679
   25720    154.973234     45.722702
   25740    127.065404     41.519640
   25760    141.534533     43.048795
   25780    157.668979     45.948228
   25800    156.175431     45.385927
   25820    140.687028     43.263628
   25840    153.533697     45.359924
   25860    147.007524     45.005613
   25880    139.334183     43.157776
   25900    156.164202     45.359391
   25920    153.043506     44.984801
   25940    155.701279     45.624301
   25960    130.719345     42.594792
   25980    149.915318     44.365385
   26000    145.275223     44.556525
   26020    145.160897     43.875275
   26040    120.216693     39.220798
   26060    151.029807     45.187400
   26080    149.308822     44.832736
   26100    145.938944     43.614741
   26120    158.675564     46.203128
   26140    155.197964     45.442555
   26160    132.388523     43.197608
   26180    156.363342     46.086336
   26200    132.458847     41.800650
   26220    157.316023     45.947356
   26240    156.768629     45.547244
   26260    110.943897     40.397582
   26280    143.714014     44.155669
   26300    134.205956     40.909075
   26320    148.322036     44.521916
   26340    123.415780     40.392317
   26360    147.282869     44.418970
   26380    135.059801     42.248549
   26400    140.507236     43.711208
   26420    155.362503     45.891948
   26440    151.743670     44.999866
   26460    159.365037     46.281576
   26480    151.953425     45.362671
   26500    146.205726     43.173537
   26520    150.879981     44.387047
   26540    153.377880     45.691534
   26560    127.867805     41.179640
   26580    154.958369     45.608055
   26600    148.314527     45.264086
   26620    155.574988     45.388274
   26640    155.314401     45.279603
   26660    144.470829     44.129149
   26680     97.981057     37.518343
   26700    158.027255     45.967212
   26720    156.003091     45.931545
   26740    155.365521     45.622568
   26760    142.445260     43.110310
   26780    158.041550     46.200355
   26800    147.047610     43.180424
   26820    148.424208     44.311853
   26840    157.218521     45.966620
   26860    113.397003     39.356803
   26880    113.969514     37.916940
   26900    145.477205     43.946178
   26920    143.884239     44.295252
   26940    156.817742     46.137757
   26960    155.663324     45.980466
   26980    150.894869     45.593755
   27000    157.023509     45.860266
   27020    147.432589     43.772982
   27040    149.053517     44.508960
   27060    158.049590     46.101009
   27080    146.980170     43.883617
   27100    157.976890     45.801877
   27120    154.880488     45.641864
   27140    153.231035     46.001168
   27160    138.198475     44.104525
   27180    148.467478     45.114022
   27200    157.331501     45.447995
   27220    146.102560     44.795783
   27240    157.324274     45.902654
   27260    151.104343     45.037682
   27280    148.456742     42.860952
   27300    149.498540     44.827174
   27320    143.804806     43.724729
   27340    156.582972     45.655848
   27360    153.115910     45.325281
   27380    128.655076     41.325343
   27400    147.383314     44.785459
   27420    149.808127     43.818288
   27440    138.761328     43.308339
   27460    157.350041     45.603358
   27480    148.912541     44.106946
   27500    155.070781     45.574366
   27520    138.152031     42.064310
   27540    131.921056     41.623633
   27560    143.733626     43.113265
   27580    130.851549     41.817374
   27600    152.646358     45.197829
   27620    158.861473     46.282634
   27640    156.564296     45.856847
   27660    137.358259     43.874409
   27680    156.131334     45.773308
   27700    147.451115     44.929813
   27720    142.441663     43.992384
   27740    146.018818     44.041564
   27760    155.219413     45.651838
   27780    146.804959     44.720246
   27800    154.925345     44.961207
   27820    135.184003     42.613124
   27840    123.311815     41.390993
   27860    152.043261     45.343117
   27880    147.085577     44.684003
   27900    156.260795     45.419137
   27920    136.766005     43.253441
   27940    142.627254     42.735363
   27960    101.509187     38.023744
   27980    160.303445     46.454119
   28000    156.509700     46.001885
   28020    154.836051     45.701372
   28040    138.890920     43.298841
   28060    153.013100     45.510852
   28080    150.307048     44.849853
   28100    145.823009     43.707680
   28120    152.815478     44.973899
   28140    133.867913     42.096944
   28160    139.069738     42.877721
   28180    139.145594     44.085421
   28200    153.107286     45.658663
   28220    148.929432     43.689234
   28240    151.123631     44.887632
   28260    149.727163     45.242696
   28280    127.851445     41.864943
   28300    149.475504     44.649646
   28320    153.436420     45.698726
   28340    153.501743     44.977667
   28360    154.156774     45.606311
   28380    143.424468     44.012546
   28400    149.350805     45.466325
   28420    138.452232     43.579359
   28440    138.355868     43.212320
   28460    157.141828     46.091997
   28480    127.037289     41.560690
   28500    144.884339     44.523500
   28520    135.513969     42.622236
   28540    146.135792     44.246743
   28560    156.402177     45.343615
   28580    151.685356     45.887157
   28600    155.094854     45.522862
   28620    141.375613     43.707918
   28640    154.715418     45.324992
   28660    147.871005     44.241981
   28680    134.421750     42.109187
   28700    150.970116     44.188159
   28720    160.127653     46.388775
   28740    156.225272     45.917925
   28760    155.474419     45.368380
   28780    151.655316     44.571547
   28800    138.226261     43.705182
   28820    150.408891     44.312869
   28840    141.893537     43.029578
   28860    150.219269     45.141295
   28880    145.117666     44.218426
   28900    159.294557     46.289864
   28920    157.957953     45.793498
   28940    145.799873     44.759239
   28960    143.231697     44.078977
   28980    151.838623     44.412789
   29000    150.377315     44.904045
   29020    149.858077     44.582750
   29040    149.888913     45.062491
   29060    147.800383     43.760701
   29080    147.013775     44.107438
   29100    152.210884     45.328415
   29120    156.797499     45.656116
   29140    155.307355     45.328336
   29160    148.470331     44.715587
   29180    150.976679     45.039653
   29200    157.660249     45.962520
   29220    140.204047     42.945500
   29240    145.898660     44.274528
   29260    159.789652     46.294060
   29280    155.650220     45.525529
   29300    150.525310     43.881057
   29320    158.599843     46.451116
   29340    146.492126     44.375377
   29360    131.750448     42.159318
   29380    124.807372     41.759130
   29400    153.723456     45.224930
   29420    157.865032     46.027553
   29440    137.084597     42.372563
   29460    153.402906     44.701012
   29480    154.437903     45.194418
   29500    129.193972     41.161108
   29520    144.987480     43.437579
   29540    136.686043     43.772018
   29560    145.824268     43.639004
   29580    151.227681     44.996162
   29600    157.329398     45.759877
   29620    156.973887     45.607051
   29640    149.189815     44.935370
   29660     87.459060     37.174809
   29680    133.494224     43.194202
   29700    147.801849     44.033582
   29720    111.733341     38.798025
   29740    128.746764     41.533936
   29760    155.695779     45.407736
   29780    153.108422     45.421053
   29800    123.184646     40.649953
   29820    148.763207     44.040190
   29840    151.173403     45.080286
   29860    122.764320     40.900495
   29880    147.672034     44.890954
   29900    154.135195     45.534012
   29920    141.414427     42.526783
   29940    150.251516     44.669582
   29960    149.825298     44.681742
   29980    113.293305     41.048139
   30000    152.069797     44.846243
