   10000  349493090.092647
   10020  349493076.614687
   10040  349493072.053335
   10060  349461986.252856
   10080  349461990.661255
   10100  349461986.412486
   10120  349461993.849623
   10140  348851143.054071
   10160  348851139.694489
   10180  348851135.096050
   10200  348075977.804573
   10220  347777500.809743
   10240  347777478.848116
   10260  347400069.483268
   10280  347174235.261466
   10300  345645319.666714
   10320  345645301.276933
   10340  345634788.690628
   10360  345041054.891174
   10380  345041057.212426
   10400  344695173.372645
   10420  344695159.965519
   10440  344695154.588178
   10460  344012605.745859
   10480  344012609.448435
   10500  344012570.609107
   10520  343378643.783902
   10540  342191247.028392
   10560  342191246.852343
   10580  341316433.805178
   10600  341316430.500544
   10620  341316419.448496
   10640  341316413.561537
   10660  341310554.961441
   10680  340700496.345479
   10700  340700487.071006
   10720  340399966.580979
   10740  332844223.009847
   10760  331918681.799058
   10780  331918425.906280
   10800  325124776.691331
   10820  324077900.957214
   10840  323505970.983469
   10860  322321546.648258
   10880  318004726.178772
   10900  318004733.108817
   10920  317764585.938600
   10940  315758021.652404
   10960  314798721.285215
   10980   57055870.157012
   11000   43116587.683616
   11020   42122556.076573
   11040   41731552.862366
   11060   41709160.673071
   11080   41709125.230102
   11100   41709110.597608
   11120   41709083.306712
   11140   41709078.207276
   11160   41709057.610691
   11180   41621071.167918
   11200   41536566.492491
   11220   41241057.225190
   11240   40971125.802092
   11260   40710713.607978
   11280   40265656.062989
   11300   40141741.793937
   11320   40141686.437471
   11340   39291952.104199
   11360   39291914.350754
   11380   39291895.929977
   11400   39291888.431667
   11420   39287254.579601
   11440   39212226.765721
   11460   39210711.758811
   11480   39210710.132277
   11500   39210713.961629
   11520   39210699.683031
   11540   39210689.175107
   11560   39210363.804165
   11580   39017539.854007
   11600   39003493.858439
   11620   38966042.207165
   11640   38353542.299624
   11660   38165159.619059
   11680   38165091.170512
   11700   38165083.128140
   11720   38157630.773941
   11740   38157648.463776
   11760   38133763.610601
   11780   37295436.755801
   11800   37060091.126437
   11820   37058950.762905
   11840   37058483.811534
   11860   36709015.904177
   11880   36383089.305603
   11900   36365330.956817
   11920   36327436.990051
   11940   36274527.894483
   11960   36273610.618560
   11980   36132872.784250
   12000   35926649.535607
   12020   35572137.358304
   12040   35572136.929785
   12060   35544672.984140
   12080   35544663.550100
   12100   35318399.615897
   12120   34951332.509856
   12140   34951327.272893
   12160   34951331.864980
   12180   34943624.957723
   12200   34915712.443296
   12220   34915700.978974
   12240   34903708.644998
   12260   34903691.145615
   12280   34903698.552394
   12300   34173236.581807
   12320   34079362.950431
   12340   33682693.261715
   12360   33682696.319145
   12380   33663471.972842
   12400   33477987.815448
   12420   33366819.100541
   12440   33174499.214093
   12460   32953297.784831
   12480   32611367.562306
   12500   32382170.908827
   12520   31960382.008589
   12540   31608738.157680
   12560   30907013.961353
   12580   30803625.144745
   12600   30803629.007721
   12620   30566912.083826
   12640   30535929.339593
   12660   30518490.762492
   12680   30498460.876455
   12700   30498455.464576
   12720   30186168.354380
   12740   30170789.450373
   12760   29782055.894850
   12780   29782046.555951
   12800   28950356.099403
   12820   28917718.847381
   12840   28246652.783409
   12860   27039441.010411
   12880   27039242.652634
   12900   26986858.005938
   12920   26974222.251689
   12940   26833875.460404
   12960   26758041.144084
   12980   26757830.481131
   13000   26514914.838397
   13020   26513307.681311
   13040   25772752.378862
   13060   23074842.964969
   13080   10155037.379656
   13100     -40490.136731
   13120     -42068.997767
   13140     -42406.278297
   13160     -42447.977259
   13180     -42479.198337
   13200     -42510.647841
   13220     -42518.450761
   13240     -42530.127415
   13260     -42551.110388
   13280     -42565.505436
   13300     -42578.810106
   13320     -42586.970656
   13340     -42587.303183
   13360     -42609.831434
   13380     -42612.733798
   13400     -42615.766117
   13420     -42616.830880
   13440     -42622.908048
   13460     -42634.382949
   13480     -42647.081389
   13500     -42641.713305
   13520     -42654.781731
   13540     -42658.435706
   13560     -42670.342599
   13580     -42667.535258
   13600     -42681.531023
   13620     -42669.939609
   13640     -42682.733504
   13660     -42680.116817
   13680     -42686.217175
   13700     -42697.775294
   13720     -42717.472694
   13740     -42722.908475
   13760     -42709.196009
   13780     -42712.744613
   13800     -42722.176450
   13820     -42727.370096
   13840     -42726.404701
   13860     -42746.114480
   13880     -42757.440590
   13900     -42763.706157
   13920     -42770.232612
   13940     -42776.702106
   13960     -42779.841663
   13980     -42778.998874
   14000     -42784.528826
   14020     -42791.181925
   14040     -42794.967142
   14060     -42793.977532
   14080     -42800.959705
   14100     -42803.668642
   14120     -42806.188020
   14140     -42812.594668
   14160     -42804.437285
   14180     -42810.315046
   14200     -42809.479909
   14220     -42811.615955
   14240     -42823.304124
   14260     -42823.896009
   14280     -42839.651020
   14300     -42835.139093
   14320     -42839.440155
   14340     -42838.581207
   14360     -42844.666377
   14380     -42841.232400
   14400     -42853.015178
   14420     -42864.152376
   14440     -42869.166132
   14460     -42874.560278
   14480     -42874.990188
   14500     -42871.837196
   14520     -42874.623211
   14540     -42880.848633
   14560     -42886.260149
   14580     -42876.624224
   14600     -42880.604829
   14620     -42896.455767
   14640     -42889.213212
   14660     -42894.890504
   14680     -42902.622538
   14700     -42912.089562
   14720     -42909.309311
   14740     -42909.126022
   14760     -42903.533708
   14780     -42902.424237
   14800     -42906.824628
   14820     -42908.144891
   14840     -42924.884268
   14860     -42925.958790
   14880     -42928.528744
   14900     -42940.086175
   14920     -42937.615388
   14940     -42937.912395
   14960     -42935.892426
   14980     -42952.125023
   15000     -42953.701810
   15020     -42959.592700
   15040     -42959.781958
   15060     -42959.064838
   15080     -42948.587381
   15100     -42963.380817
   15120     -42970.472315
   15140     -42970.533791
   15160     -42967.776525
   15180     -42967.005730
   15200     -42971.040630
   15220     -42984.850863
   15240     -42984.791838
   15260     -42987.273794
   15280     -42997.441914
   15300     -43005.065477
   15320     -42986.832637
   15340     -42987.791737
   15360     -43007.830173
   15380     -43005.073447
   15400     -43007.800962
   15420     -43020.740615
   15440     -43021.057823
   15460     -43021.989690
   15480     -43021.037842
   15500     -43031.057934
   15520     -43033.808293
   15540     -43044.299011
   15560     -43051.500454
   15580     -43056.245244
   15600     -43056.659308
   15620     -43064.674421
   15640     -43063.046608
   15660     -43065.977114
   15680     -43076.810676
   15700     -43079.040698
   15720     -43081.172872
   15740     -43063.883605
   15760     -43080.239358
   15780     -43076.636947
   15800     -43077.115641
   15820     -43093.182850
   15840     -43093.409013
   15860     -43089.842461
   15880     -43096.120007
   15900     -43099.445839
   15920     -43105.791390
   15940     -43111.773606
   15960     -43115.252898
   15980     -43112.459236
   16000     -43113.763515
   16020     -43110.909781
   16040     -43115.415161
   16060     -43117.068647
   16080     -43117.361004
   16100     -43123.936277
   16120     -43126.789612
   16140     -43132.044066
   16160     -43126.905615
   16180     -43130.533790
   16200     -43130.170287
   16220     -43131.378784
   16240     -43129.515352
   16260     -43123.501346
   16280     -43131.248528
   16300     -43131.652467
   16320     -43127.917920
   16340     -43132.209582
   16360     -43127.067813
   16380     -43139.572460
   16400     -43137.808429
   16420     -43140.441734
   16440     -43153.888763
   16460     -43164.526542
   16480     -43166.098895
   16500     -43172.398728
   16520     -43173.079080
   16540     -43175.789029
   16560     -43182.852862
   16580     -43183.077666
   16600     -43187.199066
   16620     -43187.882558
   16640     -43180.176265
   16660     -43190.384103
   16680     -43188.421216
   16700     -43205.758385
   16720     -43193.173481
   16740     -43196.903090
   16760     -43183.328673
   16780     -43190.339408
   16800     -43196.560873
   16820     -43195.958859
   16840     -43200.030614
   16860     -43204.682128
   16880     -43194.089443
   16900     -43200.938663
   16920     -43198.546670
   16940     -43202.475182
   16960     -43206.040181
   16980     -43207.153536
   17000     -43209.120043
   17020     -43208.067013
   17040     -43222.783390
   17060     -43216.356143
   17080     -43215.550843
   17100     -43218.596386
   17120     -43231.287096
   17140     -43231.587220
   17160     -43230.431747
   17180     -43235.479527
   17200     -43231.977895
   17220     -43242.037828
   17240     -43238.518003
   17260     -43234.800189
   17280     -43244.659138
   17300     -43256.875371
   17320     -43253.716268
   17340     -43255.451671
   17360     -43264.069377
   17380     -43262.156272
   17400     -43260.633765
   17420     -43260.652307
   17440     -43268.716301
   17460     -43269.522860
   17480     -43273.937048
   17500     -43273.942765
   17520     -43275.436582
   17540     -43272.417851
   17560     -43283.881982
   17580     -43282.491861
   17600     -43271.494938
   17620     -43275.659297
   17640     -43270.358456
   17660     -43275.910025
   17680     -43276.731476
   17700     -43282.844822
   17720     -43279.787148
   17740     -43289.966712
   17760     -43285.259442
   17780     -43285.288736
   17800     -43289.971444
   17820     -43303.429693
   17840     -43309.728834
   17860     -43304.415457
   17880     -43300.313981
   17900     -43302.825837
   17920     -43307.879761
   17940     -43314.863613
   17960     -43314.361769
   17980     -43318.035520
   18000     -43325.039260
   18020     -43317.994787
   18040     -43329.950517
   18060     -43330.505386
   18080     -43328.652321
   18100     -43329.803456
   18120     -43346.494037
   18140     -43340.566613
   18160     -43339.903775
   18180     -43349.886230
   18200     -43350.354072
   18220     -43346.494247
   18240     -43343.914969
   18260     -43339.463148
   18280     -43350.470919
   18300     -43350.927358
   18320     -43343.098967
   18340     -43354.953223
   18360     -43353.105262
   18380     -43340.557135
   18400     -43352.036356
   18420     -43344.082405
   18440     -43353.264002
   18460     -43353.047488
   18480     -43364.498537
   18500     -43356.263577
   18520     -43343.520527
   18540     -43367.821522
   18560     -43372.914017
   18580     -43363.881078
   18600     -43378.247745
   18620     -43376.865132
   18640     -43386.731551
   18660     -43393.243429
   18680     -43391.230095
   18700     -43390.629532
   18720     -43390.932402
   18740     -43393.941116
   18760     -43395.959788
   18780     -43396.844104
   18800     -43409.725640
   18820     -43409.549222
   18840     -43408.287991
   18860     -43410.763208
   18880     -43410.535613
   18900     -43408.120417
   18920     -43415.297750
   18940     -43422.199969
   18960     -43416.142827
   18980     -43420.437817
   19000     -43434.033979
   19020     -43435.758310
   19040     -43440.977447
   19060     -43438.481802
   19080     -43452.523758
   19100     -43447.616490
   19120     -43447.490535
   19140     -43452.821203
   19160     -43456.436914
   19180     -43468.932795
   19200     -43475.874953
   19220     -43475.106540
   19240     -43466.674937
   19260     -43463.554886
   19280     -43458.960017
   19300     -43473.076302
   19320     -43474.593461
   19340     -43481.086181
   19360     -43476.181102
   19380     -43473.135597
   19400     -43479.776321
   19420     -43494.095838
   19440     -43491.190431
   19460     -43499.440484
   19480     -43506.854918
   19500     -43509.410574
   19520     -43497.443426
   19540     -43505.677330
   19560     -43520.057424
   19580     -43510.878361
   19600     -43506.817722
   19620     -43502.736082
   19640     -43512.473576
   19660     -43515.714840
   19680     -43519.068270
   19700     -43522.879059
   19720     -43516.349128
   19740     -43517.624585
   19760     -43516.867395
   19780     -43529.335515
   19800     -43530.301956
   19820     -43536.387849
   19840     -43538.346581
   19860     -43530.640262
   19880     -43541.979936
   19900     -43547.116358
   19920     -43539.190434
   19940     -43541.145784
   19960     -43543.777599
   19980     -43543.380185
   20000     -43544.119369
   20020     -43541.190567
   20040     -43544.177655
   20060     -43529.564427
   20080     -43536.096987
   20100     -43545.926831
   20120     -43538.561485
   20140     -43551.070289
   20160     -43551.086162
   20180     -43550.019941
   20200     -43563.071511
   20220     -43564.180793
   20240     -43577.144623
   20260     -43576.257847
   20280     -43568.424251
   20300     -43572.093751
   20320     -43570.741651
   20340     -43583.861483
   20360     -43578.821077
   20380     -43572.870666
   20400     -43564.398926
   20420     -43579.133057
   20440     -43575.661893
   20460     -43583.892535
   20480     -43590.751089
   20500     -43574.210379
   20520     -43584.063018
   20540     -43590.703523
   20560     -43593.555935
   20580     -43589.344194
   20600     -43593.938287
   20620     -43596.750010
   20640     -43593.960756
   20660     -43602.766350
   20680     -43600.705141
   20700     -43589.333844
   20720     -43603.876030
   20740     -43601.763515
   20760     -43600.470926
   20780     -43617.164745
   20800     -43602.632786
   20820     -43609.368862
   20840     -43618.826759
   20860     -43624.395242
   20880     -43622.478787
   20900     -43622.360350
   20920     -43610.128284
   20940     -43608.697501
   20960     -43617.951333
   20980     -43621.649107
   21000     -43615.066409
   21020     -43612.196294
   21040     -43614.905479
   21060     -43616.450498
   21080     -43618.469237
   21100     -43614.663594
   21120     -43619.978151
   21140     -43627.986032
   21160     -43631.560656
   21180     -43632.979441
   21200     -43632.907971
   21220     -43637.193746
   21240     -43635.952826
   21260     -43632.317627
   21280     -43634.255475
   21300     -43639.240916
   21320     -43638.394091
   21340     -43640.504396
   21360     -43637.600771
   21380     -43645.490070
   21400     -43654.083738
   21420     -43656.037477
   21440     -43663.627455
   21460     -43671.465394
   21480     -43673.730396
   21500     -43661.950721
   21520     -43664.892735
   21540     -43673.869721
   21560     -43680.789516
   21580     -43672.904819
   21600     -43675.838921
   21620     -43680.234397
   21640     -43674.626754
   21660     -43674.087862
   21680     -43681.568212
   21700     -43672.044681
   21720     -43682.981785
   21740     -43683.634553
   21760     -43687.772861
   21780     -43670.269109
   21800     -43681.194552
   21820     -43681.188490
   21840     -43682.870069
   21860     -43673.808033
   21880     -43688.314617
   21900     -43685.915193
   21920     -43695.131067
   21940     -43706.994888
   21960     -43698.437185
   21980     -43699.509943
   22000     -43707.707085
   22020     -43705.842416
   22040     -43714.822402
   22060     -43715.583950
   22080     -43713.180965
   22100     -43711.962710
   22120     -43711.491250
   22140     -43712.144968
   22160     -43708.321861
   22180     -43718.048289
   22200     -43707.142673
   22220     -43712.333537
   22240     -43713.939450
   22260     -43712.188179
   22280     -43715.143381
   22300     -43722.480084
   22320     -43731.545275
   22340     -43722.501490
   22360     -43727.305180
   22380     -43727.956402
   22400     -43727.649862
   22420     -43729.371720
   22440     -43728.880364
   22460     -43715.794551
   22480     -43731.078401
   22500     -43738.657718
   22520     -43727.734642
   22540     -43741.068319
   22560     -43739.433486
   22580     -43743.291933
   22600     -43739.259269
   22620     -43739.451235
   22640     -43730.923959
   22660     -43740.010991
   22680     -43733.444228
   22700     -43747.833522
   22720     -43744.997750
   22740     -43756.895558
   22760     -43748.411000
   22780     -43751.400569
   22800     -43748.076655
   22820     -43747.117145
   22840     -43766.422718
   22860     -43771.446209
   22880     -43760.926924
   22900     -43759.366303
   22920     -43754.581034
   22940     -43762.868977
   22960     -43759.895602
   22980     -43762.143326
   23000     -43760.151827
   23020     -43750.479288
   23040     -43754.815109
   23060     -43764.499105
   23080     -43764.101298
   23100     -43773.145575
   23120     -43760.995198
   23140     -43767.453863
   23160     -43767.070430
   23180     -43765.768319
   23200     -43758.095488
   23220     -43755.870563
   23240     -43752.501914
   23260     -43754.571675
   23280     -43756.446690
   23300     -43751.132788
   23320     -43760.008217
   23340     -43758.020172
   23360     -43769.033696
   23380     -43767.838061
   23400     -43767.251474
   23420     -43767.682442
   23440     -43776.199946
   23460     -43782.184727
   23480     -43771.228098
   23500     -43779.346294
   23520     -43771.274548
   23540     -43770.953452
   23560     -43776.961066
   23580     -43785.505399
   23600     -43782.303850
   23620     -43786.875908
   23640     -43786.574708
   23660     -43791.289950
   23680     -43801.164275
   23700     -43797.044739
   23720     -43799.457883
   23740     -43805.508693
   23760     -43802.532304
   23780     -43807.784406
   23800     -43805.103810
   23820     -43804.444255
   23840     -43810.168049
   23860     -43812.460472
   23880     -43807.468510
   23900     -43814.980675
   23920     -43814.676582
   23940     -43804.590519
   23960     -43805.584052
   23980     -43815.234388
   24000     -43814.304021
   24020     -43824.002225
   24040     -43816.929158
   24060     -43820.745171
   24080     -43813.931472
   24100     -43837.686769
   24120     -43833.204120
   24140     -43834.369067
   24160     -43831.680050
   24180     -43832.921354
   24200     -43841.277969
   24220     -43835.928413
   24240     -43838.523119
   24260     -43843.615886
   24280     -43845.076002
   24300     -43843.419123
   24320     -43837.591115
   24340     -43842.280243
   24360     -43849.136502
   24380     -43852.666203
   24400     -43864.639307
   24420     -43872.776825
   24440     -43857.170051
   24460     -43868.003449
   24480     -43870.043011
   24500     -43871.831643
   24520     -43880.456184
   24540     -43879.722222
   24560     -43883.442898
   24580     -43885.397842
   24600     -43891.175454
   24620     -43884.694764
   24640     -43883.379953
   24660     -43896.077202
   24680     -43897.659375
   24700     -43889.846752
   24720     -43889.719391
   24740     -43902.285197
   24760     -43895.668910
   24780     -43905.773533
   24800     -43907.293700
   24820     -43897.994563
   24840     -43903.916935
   24860     -43908.521590
   24880     -43905.217934
   24900     -43914.308952
   24920     -43907.587194
   24940     -43911.675519
   24960     -43920.858074
   24980     -43914.405546
   25000     -43918.366243
   25020     -43931.253641
   25040     -43923.056556
   25060     -43917.676391
   25080     -43917.740961
   25100     -43921.526684
   25120     -43922.829007
   25140     -43913.176420
   25160     -43919.612959
   25180     -43919.863224
   25200     -43912.742574
   25220     -43927.288272
   25240     -43917.047515
   25260     -43923.588427
   25280     -43932.553850
   25300     -43929.416306
   25320     -43929.781970
   25340     -43922.349268
   25360     -43927.313478
   25380     -43924.385479
   25400     -43929.241634
   25420     -43935.879310
   25440     -43946.089732
   25460     -43936.188520
   25480     -43933.535194
   25500     -43944.176597
   25520     -43944.235402
   25540     -43950.374183
   25560     -43944.562141
   25580     -43947.553690
   25600     -43945.608037
   25620     -43945.648933
   25640     -43954.601200
   25660     -43935.812173
   25680     -43942.596233
   25700     -43950.217393
   25720     -43952.067376
   25740     -43935.958510
   25760     -43945.204487
   25780     -43937.990269
   25800     -43951.933180
   25820     -43932.254629
   25840     -43947.416417
   25860     -43947.028538
   25880     -43949.018505
   25900     -43953.265918
   25920     -43951.249226
   25940     -43950.814075
   25960     -43959.240239
   25980     -43953.461257
   26000     -43967.899222
   26020     -43970.051756
   26040     -43965.505258
   26060     -43972.533472
   26080     -43966.130800
   26100     -43967.953960
   26120     -43973.625535
   26140     -43970.713099
   26160     -43975.333306
   26180     -43972.132019
   26200     -43976.093943
   26220     -43970.070507
   26240     -43979.963894
   26260     -43983.236593
   26280     -43989.100465
   26300     -43974.817763
   26320     -43981.305282
   26340     -43986.193449
   26360     -43987.368543
   26380     -43992.509907
   26400     -43986.659752
   26420     -43997.412017
   26440     -43996.827365
   26460     -43999.188770
   26480     -43990.789897
   26500     -43997.124798
   26520     -44006.120303
   26540     -44005.962445
   26560     -44003.684515
   26580     -44007.224819
   26600     -44010.417691
   26620     -44018.531387
   26640     -44018.877745
   26660     -44023.472376
   26680     -44022.409868
   26700     -44018.948076
   26720     -44014.374585
   26740     -44021.871956
   26760     -44026.651042
   26780     -44036.193020
   26800     -44030.068916
   26820     -44029.748075
   26840     -44029.085042
   26860     -44037.018795
   26880     -44021.470403
   26900     -44018.445942
   26920     -44021.116402
   26940     -44027.142537
   26960     -44037.255888
   26980     -44039.018606
   27000     -44029.977279
   27020     -44024.490078
   27040     -44033.787098
   27060     -44036.316764
   27080     -44038.178328
   27100     -44044.407595
   27120     -44044.494565
   27140     -44043.562122
   27160     -44033.763702
   27180     -44039.266062
   27200     -44045.903264
   27220     -44048.292355
   27240     -44048.879276
   27260     -44057.697617
   27280     -44055.811869
   27300     -44049.330195
   27320     -44042.823540
   27340     -44050.805543
   27360     -44056.683768
   27380     -44067.580683
   27400     -44067.095619
   27420     -44075.015776
   27440     -44058.832859
   27460     -44063.561260
   27480     -44060.778836
   27500     -44065.891370
   27520     -44062.820060
   27540     -44067.460733
   27560     -44067.422485
   27580     -44074.379215
   27600     -44071.189267
   27620     -44077.391719
   27640     -44078.771113
   27660     -44076.004592
   27680     -44073.454148
   27700     -44074.195122
   27720     -44079.901082
   27740     -44092.803225
   27760     -44088.480900
   27780     -44091.803565
   27800     -44095.454350
   27820     -44094.675359
   27840     -44093.611014
   27860     -44101.600440
   27880     -44099.133603
   27900     -44100.343390
   27920     -44105.280382
   27940     -44104.459558
   27960     -44104.035638
   27980     -44097.097237
   28000     -44117.090634
   28020     -44108.865994
   28040     -44109.937328
   28060     -44113.290672
   28080     -44112.811646
   28100     -44116.788555
   28120     -44114.307398
   28140     -44117.788257
   28160     -44130.305609
   28180     -44123.512389
   28200     -44123.693885
   28220     -44124.853178
   28240     -44123.397233
   28260     -44114.960078
   28280     -44120.689097
   28300     -44124.973390
   28320     -44115.915530
   28340     -44125.387820
   28360     -44121.257861
   28380     -44130.555039
   28400     -44122.554747
   28420     -44131.215047
   28440     -44131.779654
   28460     -44137.736762
   28480     -44122.725924
   28500     -44140.304973
   28520     -44139.071919
   28540     -44141.529331
   28560     -44143.794755
   28580     -44150.119551
   28600     -44147.528165
   28620     -44139.661896
   28640     -44151.368368
   28660     -44136.733036
   28680     -44149.982517
   28700     -44153.743267
   28720     -44143.391435
   28740     -44167.332502
   28760     -44160.672471
   28780     -44160.137489
   28800     -44153.361047
   28820     -44158.842434
   28840     -44161.630833
   28860     -44177.939766
   28880     -44165.540582
   28900     -44168.128243
   28920     -44170.245711
   28940     -44154.708871
   28960     -44172.564017
   28980     -44180.207145
   29000     -44180.999494
   29020     -44185.626525
   29040     -44180.768251
   29060     -44187.820038
   29080     -44191.576533
   29100     -44185.706717
   29120     -44199.541547
   29140     -44199.868706
   29160     -44192.116256
   29180     -44200.079387
   29200     -44210.290106
   29220     -44212.070758
   29240     -44200.646545
   29260     -44207.240568
   29280     -44221.442487
   29300     -44215.308970
   29320     -44219.774910
   29340     -44220.506780
   29360     -44224.563299
   29380     -44218.506896
   29400     -44221.137272
   29420     -44219.807106
   29440     -44230.664345
   29460     -44222.700151
   29480     -44233.568805
   29500     -44241.200955
   29520     -44233.657244
   29540     -44224.475591
   29560     -44244.689932
   29580     -44246.279407
   29600     -44250.432909
   29620     -44242.563830
   29640     -44239.406850
   29660     -44240.723365
   29680     -44232.909703
   29700     -44241.362729
   29720     -44240.951146
   29740     -44238.879147
   29760     -44243.868501
   29780     -44250.447017
   29800     -44244.529555
   29820     -44247.625996
   29840     -44246.686450
   29860     -44259.007560
   29880     -44252.356617
   29900     -44252.859564
   29920     -44260.838954
   29940     -44252.990999
   29960     -44259.888666
   29980     -44257.278842
   30000     -44251.750532
