   10000  355876644.209050
   10020  355855551.479951
   10040  355423540.215073
   10060  355076841.352099
   10080  353355367.398974
   10100  353355358.276402
   10120  353355348.424678
   10140  353355339.736926
   10160  352006189.168975
   10180  352006185.120487
   10200  352006135.439967
   10220  352006131.126812
   10240  351623517.805652
   10260  351604517.547701
   10280  350819781.798089
   10300  350753692.823746
   10320  350753692.173509
   10340  350753689.375863
   10360  350627943.255414
   10380  350381717.801891
   10400  350381723.856957
   10420  350141385.114884
   10440  350141382.225018
   10460  350141377.176746
   10480  350141376.134432
   10500  350141370.492420
   10520  349767537.299495
   10540  349767532.248030
   10560  349767523.088314
   10580  349767526.338939
   10600  349665756.887553
   10620  349578544.161292
   10640  349578542.876540
   10660  349578544.907636
   10680  349578541.122548
   10700  349253043.913025
   10720  349253032.906318
   10740  348947588.624068
   10760  348947575.866766
   10780  348668748.579082
   10800  348026389.250368
   10820  348026376.203218
   10840  347247876.315810
   10860  346764967.771816
   10880  346601622.510216
   10900  346258926.165092
   10920  346099459.251901
   10940  345862101.664244
   10960  345093357.809711
   10980  344710972.964510
   11000  343740776.865472
   11020  342694006.449322
   11040  341887188.187863
   11060  341887190.575368
   11080  341887186.558329
   11100  341887185.944535
   11120  341887174.652179
   11140  338116352.039754
   11160  338103368.877627
   11180  337116803.867167
   11200  336393717.201325
   11220  336393709.755849
   11240  336393689.667518
   11260  336044187.168815
   11280  335305247.693641
   11300  334705054.174399
   11320  333957801.753878
   11340  333860467.497214
   11360  333830797.632633
   11380  332958880.981953
   11400  332958884.639721
   11420  332958875.210297
   11440  330520811.426373
   11460  330492320.733226
   11480  330492308.178679
   11500  330220031.367444
   11520  330220027.242518
   11540  330220023.171347
   11560  330219995.971686
   11580  329417735.506126
   11600  325646874.061643
   11620  325408119.443960
   11640  325301993.358741
   11660  325301983.327445
   11680  324759417.307090
   11700  323036529.383596
   11720  322129215.194189
   11740  321787148.498066
   11760  321556429.788217
   11780  321556427.702350
   11800  320822426.111892
   11820  319288622.429083
   11840  319083527.783174
   11860  319074803.704705
   11880  316925983.574446
   11900  316165077.410771
   11920  316165055.262058
   11940  315223743.491463
   11960  314285182.354481
   11980  314285121.301514
   12000  314285106.243998
   12020  307122837.885926
   12040  305558775.461905
   12060  303590319.335977
   12080  301824504.981198
   12100  301824156.369381
   12120  301824152.869727
   12140  301321644.560575
   12160  301321500.908536
   12180  300780819.090084
   12200  299811204.042910
   12220  299701588.889233
   12240  299687956.250442
   12260  299687948.647389
   12280  299687947.033319
   12300  299687945.147292
   12320  298604971.816140
   12340  297093913.347676
   12360  296773278.527252
   12380  296773242.537424
   12400  295720979.000402
   12420  294447299.086825
   12440  294447184.606200
   12460  293649220.371942
   12480  293649210.994736
   12500  291801583.322057
   12520  268245670.703450
   12540  105272527.923609
   12560   44087188.457766
   12580   42156588.318499
   12600   42010856.545531
   12620   41875276.091437
   12640   41735871.827103
   12660   41364705.618522
   12680   41022154.748995
   12700   40694243.557638
   12720   40694222.655857
   12740   40380898.865695
   12760   40020161.670777
   12780   39828171.032954
   12800   39828154.543429
   12820   39828143.732220
   12840   39823037.324509
   12860   39813090.853031
   12880   39416222.216161
   12900   39021324.131496
   12920   38645216.405427
   12940   38641216.456347
   12960   38528926.045080
   12980   38505058.437793
   13000   38505046.576402
   13020   38486088.803695
   13040   38486077.965667
   13060   38338523.094451
   13080   37666580.357388
   13100   37578180.931241
   13120   37520470.153212
   13140   37290091.942730
   13160   37020939.153424
   13180   36946943.223564
   13200   36602434.675466
   13220   35326975.317882
   13240   35326270.564098
   13260   34876302.127744
   13280   34876300.314464
   13300   34548777.950644
   13320   34548744.701427
   13340   34093697.914130
   13360   33836914.909308
   13380   33836883.774242
   13400   33712359.841022
   13420   33696573.512403
   13440   33645175.368330
   13460   33582614.894393
   13480   32876463.343753
   13500   32552121.394612
   13520   32105063.954234
   13540   31255770.366103
   13560   30591122.004397
   13580   28828056.830263
   13600   27444903.435027
   13620   27323143.144123
   13640   26752540.498703
   13660   26588778.862992
   13680   25961516.214826
   13700   25751314.458984
   13720   24119451.659553
   13740   21923900.242489
   13760   14145439.570982
   13780       4294.498903
   13800     -50315.919356
   13820     -50757.280062
   13840     -50859.158596
   13860     -50890.369744
   13880     -50956.988729
   13900     -51008.639464
   13920     -51034.906965
   13940     -51072.151727
   13960     -51094.824121
   13980     -51115.781177
   14000     -51132.414167
   14020     -51147.032686
   14040     -51186.092891
   14060     -51201.426252
   14080     -51211.493823
   14100     -51243.949327
   14120     -51252.710244
   14140     -51256.432625
   14160     -51266.248853
   14180     -51278.564814
   14200     -51285.518490
   14220     -51290.615861
   14240     -51306.998073
   14260     -51319.247829
   14280     -51321.885949
   14300     -51330.517370
   14320     -51346.839966
   14340     -51348.912149
   14360     -51355.479186
   14380     -51352.746988
   14400     -51363.685626
   14420     -51370.846146
   14440     -51371.584338
   14460     -51382.909884
   14480     -51390.657009
   14500     -51390.912864
   14520     -51400.168216
   14540     -51405.975648
   14560     -51408.903911
   14580     -51417.413212
   14600     -51424.563353
   14620     -51424.473224
   14640     -51431.058797
   14660     -51429.025467
   14680     -51434.664484
   14700     -51435.913725
   14720     -51447.327585
   14740     -51443.853966
   14760     -51447.052284
   14780     -51452.842992
   14800     -51456.499992
   14820     -51454.200951
   14840     -51458.985663
   14860     -51464.072275
   14880     -51463.092403
   14900     -51467.675964
   14920     -51473.310144
   14940     -51475.545148
   14960     -51477.978264
   14980     -51485.888772
   15000     -51484.106368
   15020     -51488.114405
   15040     -51489.000187
   15060     -51495.091436
   15080     -51497.218486
   15100     -51501.134809
   15120     -51505.748177
   15140     -51503.310169
   15160     -51506.816920
   15180     -51502.821240
   15200     -51497.927717
   15220     -51509.827773
   15240     -51512.939949
   15260     -51505.303356
   15280     -51512.613616
   15300     -51520.005231
   15320     -51523.634884
   15340     -51525.163571
   15360     -51528.250722
   15380     -51530.726313
   15400     -51535.449241
   15420     -51539.604811
   15440     -51546.064957
   15460     -51556.971483
   15480     -51551.851246
   15500     -51554.420388
   15520     -51554.061152
   15540     -51562.389945
   15560     -51563.979689
   15580     -51568.251472
   15600     -51564.249376
   15620     -51563.172900
   15640     -51569.226624
   15660     -51565.676564
   15680     -51570.252335
   15700     -51571.392484
   15720     -51563.462742
   15740     -51580.827263
   15760     -51576.882438
   15780     -51577.837436
   15800     -51586.127059
   15820     -51582.845853
   15840     -51587.485004
   15860     -51599.096634
   15880     -51597.944221
   15900     -51603.251641
   15920     -51599.437287
   15940     -51606.154694
   15960     -51610.532559
   15980     -51611.120449
   16000     -51615.246550
   16020     -51617.239346
   16040     -51622.455676
   16060     -51623.027089
   16080     -51631.512469
   16100     -51636.043526
   16120     -51634.328932
   16140     -51637.694873
   16160     -51636.810342
   16180     -51642.837113
   16200     -51643.831890
   16220     -51651.418862
   16240     -51649.469087
   16260     -51659.157097
   16280     -51653.495405
   16300     -51656.310738
   16320     -51661.448111
   16340     -51664.289506
   16360     -51672.231279
   16380     -51673.129662
   16400     -51676.271460
   16420     -51676.333197
   16440     -51671.033809
   16460     -51686.912064
   16480     -51680.327130
   16500     -51690.050755
   16520     -51697.583107
   16540     -51695.682545
   16560     -51686.603831
   16580     -51694.780871
   16600     -51694.358728
   16620     -51701.580111
   16640     -51700.734848
   16660     -51702.922481
   16680     -51704.414905
   16700     -51712.878882
   16720     -51718.331344
   16740     -51706.709943
   16760     -51722.813811
   16780     -51724.478561
   16800     -51727.050892
   16820     -51733.366546
   16840     -51728.384185
   16860     -51736.013054
   16880     -51739.869657
   16900     -51744.022609
   16920     -51743.793367
   16940     -51747.139788
   16960     -51747.535277
   16980     -51748.840079
   17000     -51749.517448
   17020     -51755.366591
   17040     -51759.692324
   17060     -51762.411272
   17080     -51763.121575
   17100     -51773.089352
   17120     -51767.235060
   17140     -51776.107628
   17160     -51771.626218
   17180     -51769.099676
   17200     -51773.620576
   17220     -51778.144987
   17240     -51777.370473
   17260     -51768.104657
   17280     -51782.696781
   17300     -51788.792413
   17320     -51793.186568
   17340     -51799.776832
   17360     -51800.392693
   17380     -51801.082053
   17400     -51802.706822
   17420     -51806.387838
   17440     -51811.099324
   17460     -51811.638549
   17480     -51817.799620
   17500     -51826.198068
   17520     -51825.303181
   17540     -51824.406500
   17560     -51828.868875
   17580     -51831.872843
   17600     -51834.627104
   17620     -51840.372588
   17640     -51840.705211
   17660     -51843.848822
   17680     -51850.282546
   17700     -51850.637546
   17720     -51853.853997
   17740     -51857.940908
   17760     -51861.519712
   17780     -51866.250369
   17800     -51861.808338
   17820     -51868.203315
   17840     -51868.032370
   17860     -51874.747945
   17880     -51871.471276
   17900     -51874.044110
   17920     -51883.720024
   17940     -51877.960287
   17960     -51882.762031
   17980     -51881.638052
   18000     -51879.879886
   18020     -51888.285460
   18040     -51892.598995
   18060     -51891.447262
   18080     -51900.792821
   18100     -51896.064508
   18120     -51894.051983
   18140     -51896.067114
   18160     -51894.801223
   18180     -51895.522636
   18200     -51898.216822
   18220     -51899.977685
   18240     -51903.776675
   18260     -51898.856060
   18280     -51901.574124
   18300     -51908.272573
   18320     -51906.121378
   18340     -51909.625411
   18360     -51913.234487
   18380     -51918.490679
   18400     -51917.772874
   18420     -51923.609643
   18440     -51924.142338
   18460     -51922.444039
   18480     -51935.950657
   18500     -51933.538219
   18520     -51936.084153
   18540     -51935.619328
   18560     -51940.660528
   18580     -51943.917280
   18600     -51952.289135
   18620     -51952.711405
   18640     -51958.988279
   18660     -51962.193192
   18680     -51964.371281
   18700     -51968.925179
   18720     -51969.692016
   18740     -51964.246423
   18760     -51969.340249
   18780     -51969.958280
   18800     -51968.345317
   18820     -51975.989537
   18840     -51979.753743
   18860     -51985.074040
   18880     -51990.999665
   18900     -51989.023590
   18920     -51992.339157
   18940     -51990.761931
   18960     -51998.356735
   18980     -52005.226629
   19000     -52000.160673
   19020     -52006.686549
   19040     -52001.582744
   19060     -52002.479226
   19080     -52007.794719
   19100     -52014.235009
   19120     -52023.870714
   19140     -52019.850409
   19160     -52016.981394
   19180     -52016.163275
   19200     -52021.125771
   19220     -52024.232257
   19240     -52029.064277
   19260     -52029.822560
   19280     -52025.281707
   19300     -52029.561280
   19320     -52036.459958
   19340     -52040.083874
   19360     -52038.740756
   19380     -52041.263559
   19400     -52036.589554
   19420     -52045.034272
   19440     -52049.599362
   19460     -52062.467082
   19480     -52057.743621
   19500     -52056.348506
   19520     -52056.765092
   19540     -52063.700653
   19560     -52061.602741
   19580     -52063.095044
   19600     -52065.315460
   19620     -52069.065565
   19640     -52071.587713
   19660     -52072.271065
   19680     -52071.749767
   19700     -52076.899226
   19720     -52079.743079
   19740     -52083.954399
   19760     -52091.329929
   19780     -52095.318018
   19800     -52097.248561
   19820     -52092.738227
   19840     -52091.845376
   19860     -52100.065268
   19880     -52099.407200
   19900     -52105.764072
   19920     -52099.264126
   19940     -52096.050088
   19960     -52102.366738
   19980     -52104.560156
   20000     -52107.640466
   20020     -52111.436997
   20040     -52112.774875
   20060     -52114.692062
   20080     -52115.357859
   20100     -52118.481109
   20120     -52117.078638
   20140     -52114.843923
   20160     -52118.653295
   20180     -52121.636745
   20200     -52123.171809
   20220     -52127.121091
   20240     -52126.580459
   20260     -52129.703915
   20280     -52136.860569
   20300     -52139.774830
   20320     -52135.249230
   20340     -52136.710892
   20360     -52143.687752
   20380     -52145.931160
   20400     -52145.592484
   20420     -52144.498825
   20440     -52154.696721
   20460     -52152.647894
   20480     -52153.072713
   20500     -52156.843522
   20520     -52160.418693
   20540     -52165.372971
   20560     -52159.881893
   20580     -52163.313307
   20600     -52165.167823
   20620     -52169.666604
   20640     -52169.387241
   20660     -52163.003569
   20680     -52170.535894
   20700     -52173.240431
   20720     -52176.769732
   20740     -52186.098145
   20760     -52182.845423
   20780     -52181.194821
   20800     -52187.122225
   20820     -52182.860724
   20840     -52185.431494
   20860     -52193.081241
   20880     -52189.116989
   20900     -52188.982705
   20920     -52189.128492
   20940     -52196.720612
   20960     -52199.946545
   20980     -52197.338931
   21000     -52201.768099
   21020     -52206.852482
   21040     -52204.146283
   21060     -52208.010563
   21080     -52212.324156
   21100     -52212.882678
   21120     -52218.570439
   21140     -52212.351393
   21160     -52221.070941
   21180     -52218.973895
   21200     -52213.903331
   21220     -52215.868167
   21240     -52217.345265
   21260     -52214.677276
   21280     -52217.371093
   21300     -52216.636904
   21320     -52214.681131
   21340     -52219.160475
   21360     -52217.833006
   21380     -52227.483638
   21400     -52228.226156
   21420     -52226.942484
   21440     -52230.070413
   21460     -52228.439047
   21480     -52232.340434
   21500     -52233.447191
   21520     -52240.256977
   21540     -52240.845470
   21560     -52245.240493
   21580     -52251.277178
   21600     -52247.350984
   21620     -52248.588208
   21640     -52243.044605
   21660     -52259.683733
   21680     -52260.363088
   21700     -52253.568226
   21720     -52255.710285
   21740     -52257.904912
   21760     -52261.980723
   21780     -52255.075656
   21800     -52264.357148
   21820     -52265.113418
   21840     -52270.749873
   21860     -52275.064958
   21880     -52269.392619
   21900     -52273.645278
   21920     -52275.973549
   21940     -52273.885139
   21960     -52280.651075
   21980     -52281.241685
   22000     -52280.544621
   22020     -52281.413178
   22040     -52276.497521
   22060     -52282.913800
   22080     -52277.658937
   22100     -52284.661633
   22120     -52281.269879
   22140     -52285.940719
   22160     -52293.256277
   22180     -52288.158440
   22200     -52291.274738
   22220     -52297.230848
   22240     -52290.217359
   22260     -52291.274623
   22280     -52291.534173
   22300     -52295.744718
   22320     -52294.844161
   22340     -52300.109173
   22360     -52296.805766
   22380     -52302.368037
   22400     -52305.470592
   22420     -52301.929267
   22440     -52311.209213
   22460     -52310.390140
   22480     -52317.992581
   22500     -52309.992149
   22520     -52322.292116
   22540     -52318.085505
   22560     -52315.397976
   22580     -52320.419415
   22600     -52326.228158
   22620     -52327.700735
   22640     -52319.864333
   22660     -52327.567569
   22680     -52335.252080
   22700     -52335.691102
   22720     -52335.751161
   22740     -52336.694523
   22760     -52339.847001
   22780     -52334.092547
   22800     -52333.713854
   22820     -52336.564026
   22840     -52335.873705
   22860     -52336.225801
   22880     -52338.833949
   22900     -52337.687300
   22920     -52334.872881
   22940     -52336.104588
   22960     -52339.866526
   22980     -52339.000669
   23000     -52336.895901
   23020     -52345.550304
   23040     -52353.179987
   23060     -52357.540564
   23080     -52358.064052
   23100     -52358.240780
   23120     -52360.083841
   23140     -52359.640099
   23160     -52359.227835
   23180     -52367.563554
   23200     -52369.420296
   23220     -52374.023102
   23240     -52369.797611
   23260     -52369.570515
   23280     -52371.337645
   23300     -52372.670104
   23320     -52383.135713
   23340     -52379.436715
   23360     -52378.128170
   23380     -52385.539060
   23400     -52393.096395
   23420     -52388.580406
   23440     -52389.104225
   23460     -52385.608524
   23480     -52387.945733
   23500     -52398.171015
   23520     -52399.843171
   23540     -52407.106766
   23560     -52402.959347
   23580     -52409.722421
   23600     -52415.785168
   23620     -52417.008682
   23640     -52409.871781
   23660     -52414.564496
   23680     -52422.696764
   23700     -52419.536992
   23720     -52422.870672
   23740     -52426.801274
   23760     -52426.549761
   23780     -52431.871623
   23800     -52430.743052
   23820     -52434.433553
   23840     -52436.563632
   23860     -52435.673253
   23880     -52440.862058
   23900     -52440.652287
   23920     -52438.694121
   23940     -52444.389639
   23960     -52443.611908
   23980     -52439.900665
   24000     -52444.430574
   24020     -52442.570412
   24040     -52449.215360
   24060     -52449.140962
   24080     -52455.734695
   24100     -52451.403540
   24120     -52450.582339
   24140     -52455.914557
   24160     -52458.903506
   24180     -52465.709866
   24200     -52462.380890
   24220     -52462.041362
   24240     -52461.613788
   24260     -52462.065692
   24280     -52464.130383
   24300     -52472.465175
   24320     -52477.409042
   24340     -52471.802751
   24360     -52475.553004
   24380     -52482.184021
   24400     -52475.068730
   24420     -52483.567666
   24440     -52479.448980
   24460     -52480.737958
   24480     -52479.564292
   24500     -52476.152847
   24520     -52481.844285
   24540     -52490.600241
   24560     -52486.907914
   24580     -52497.146078
   24600     -52491.523821
   24620     -52499.809436
   24640     -52501.417997
   24660     -52500.585132
   24680     -52499.164174
   24700     -52505.549713
   24720     -52503.295196
   24740     -52510.222402
   24760     -52511.053419
   24780     -52512.660103
   24800     -52522.715545
   24820     -52520.607070
   24840     -52522.068565
   24860     -52521.852683
   24880     -52523.024879
   24900     -52522.782712
   24920     -52524.542284
   24940     -52524.462845
   24960     -52529.386814
   24980     -52528.868538
   25000     -52533.354083
   25020     -52540.632782
   25040     -52536.740567
   25060     -52547.711241
   25080     -52546.216345
   25100     -52543.162068
   25120     -52536.065743
   25140     -52539.801527
   25160     -52547.994467
   25180     -52551.988656
   25200     -52552.063233
   25220     -52552.071052
   25240     -52547.401864
   25260     -52552.613752
   25280     -52559.373221
   25300     -52556.801277
   25320     -52566.371683
   25340     -52559.213467
   25360     -52568.172171
   25380     -52571.341981
   25400     -52576.065027
   25420     -52580.881611
   25440     -52577.737680
   25460     -52574.528907
   25480     -52578.909362
   25500     -52575.888700
   25520     -52576.393997
   25540     -52576.363791
   25560     -52577.339670
   25580     -52578.873755
   25600     -52584.932772
   25620     -52586.392500
   25640     -52583.671258
   25660     -52584.801862
   25680     -52583.926336
   25700     -52590.666149
   25720     -52599.265816
   25740     -52591.122993
   25760     -52603.837990
   25780     -52605.018070
   25800     -52613.186092
   25820     -52607.544408
   25840     -52610.246696
   25860     -52612.882468
   25880     -52617.372675
   25900     -52618.881161
   25920     -52620.021541
   25940     -52619.058645
   25960     -52624.928120
   25980     -52613.841764
   26000     -52620.277692
   26020     -52625.671836
   26040     -52629.770389
   26060     -52632.038496
   26080     -52630.072887
   26100     -52632.722392
   26120     -52637.887291
   26140     -52643.953512
   26160     -52645.116008
   26180     -52641.564855
   26200     -52643.798292
   26220     -52649.188789
   26240     -52650.787563
   26260     -52655.960125
   26280     -52652.908048
   26300     -52652.070157
   26320     -52654.330233
   26340     -52655.517675
   26360     -52657.146969
   26380     -52653.545232
   26400     -52655.351975
   26420     -52655.646260
   26440     -52662.915243
   26460     -52663.199602
   26480     -52666.529810
   26500     -52673.914067
   26520     -52680.477429
   26540     -52684.643593
   26560     -52683.835846
   26580     -52690.727297
   26600     -52690.924641
   26620     -52691.147790
   26640     -52692.293665
   26660     -52700.295085
   26680     -52698.294280
   26700     -52698.137062
   26720     -52700.575028
   26740     -52700.898298
   26760     -52703.582237
   26780     -52705.979981
   26800     -52710.096215
   26820     -52711.438911
   26840     -52710.031869
   26860     -52713.805230
   26880     -52712.475462
   26900     -52715.664160
   26920     -52718.999594
   26940     -52724.758117
   26960     -52730.029984
   26980     -52729.616155
   27000     -52729.707763
   27020     -52730.678908
   27040     -52729.422029
   27060     -52735.629995
   27080     -52736.732361
   27100     -52740.035491
   27120     -52737.919392
   27140     -52735.700136
   27160     -52745.522405
   27180     -52752.796775
   27200     -52755.029262
   27220     -52756.819914
   27240     -52753.268250
   27260     -52754.200393
   27280     -52757.884614
   27300     -52766.109542
   27320     -52760.384574
   27340     -52767.131805
   27360     -52771.831045
   27380     -52773.086569
   27400     -52776.882705
   27420     -52780.807565
   27440     -52783.973399
   27460     -52787.973593
   27480     -52790.554255
   27500     -52790.073002
   27520     -52792.777654
   27540     -52790.413564
   27560     -52783.585862
   27580     -52786.480016
   27600     -52794.384152
   27620     -52805.952856
   27640     -52802.681097
   27660     -52798.978792
   27680     -52806.323664
   27700     -52812.698278
   27720     -52815.103704
   27740     -52818.090532
   27760     -52820.077537
   27780     -52820.824939
   27800     -52820.802151
   27820     -52825.768605
   27840     -52832.053307
   27860     -52833.729020
   27880     -52837.876314
   27900     -52838.072463
   27920     -52839.738814
   27940     -52849.170542
   27960     -52846.092117
   27980     -52852.786423
   28000     -52853.935527
   28020     -52858.473529
   28040     -52863.391657
   28060     -52856.006643
   28080     -52863.002534
   28100     -52866.736117
   28120     -52858.576342
   28140     -52858.871583
   28160     -52878.610498
   28180     -52875.455407
   28200     -52881.216649
   28220     -52893.256508
   28240     -52892.879741
   28260     -52889.776916
   28280     -52892.452101
   28300     -52899.603791
   28320     -52897.997901
   28340     -52900.843411
   28360     -52909.574589
   28380     -52913.479771
   28400     -52908.327744
   28420     -52915.461877
   28440     -52911.365941
   28460     -52920.229057
   28480     -52923.175629
   28500     -52929.906357
   28520     -52931.503769
   28540     -52930.858892
   28560     -52933.695377
   28580     -52933.546371
   28600     -52935.638807
   28620     -52942.073503
   28640     -52943.086141
   28660     -52948.815907
   28680     -52954.110474
   28700     -52956.791303
   28720     -52958.600885
   28740     -52960.935476
   28760     -52965.351755
   28780     -52975.759450
   28800     -52976.534705
   28820     -52976.686413
   28840     -52974.423470
   28860     -52968.415614
   28880     -52972.129724
   28900     -52973.126549
   28920     -52974.570619
   28940     -52976.896204
   28960     -52986.171483
   28980     -52981.797781
   29000     -52979.776593
   29020     -52988.397381
   29040     -52987.618055
   29060     -52986.656085
   29080     -52996.720630
   29100     -52999.935710
   29120     -52997.678830
   29140     -52995.249128
   29160     -53001.434426
   29180     -53006.482627
   29200     -53010.433272
   29220     -53014.658268
   29240     -53009.900407
   29260     -53009.924823
   29280     -53015.576051
   29300     -53019.743911
   29320     -53022.438413
   29340     -53024.575823
   29360     -53027.998961
   29380     -53030.037370
   29400     -53035.920271
   29420     -53035.275582
   29440     -53028.212962
   29460     -53023.907626
   29480     -53030.168371
   29500     -53036.561876
   29520     -53041.431448
   29540     -53038.313540
   29560     -53040.631834
   29580     -53044.312311
   29600     -53041.239950
   29620     -53046.635725
   29640     -53046.328812
   29660     -53048.819345
   29680     -53054.738318
   29700     -53060.533864
   29720     -53056.410480
   29740     -53066.776405
   29760     -53060.771552
   29780     -53054.839499
   29800     -53060.959959
   29820     -53058.953486
   29840     -53069.837208
   29860     -53069.609075
   29880     -53071.820356
   29900     -53070.152537
   29920     -53073.811379
   29940     -53067.574175
   29960     -53073.440227
   29980     -53072.942383
   30000     -53080.828992
