   10000      3.116699      3.720177
   10020      3.191255      3.716888
   10040      3.085312      3.716808
   10060      3.133751      3.722759
   10080      3.165587      3.721664
   10100      3.108436      3.715183
   10120      3.121375      3.715498
   10140      3.085863      3.725417
   10160      3.077091      3.721406
   10180      3.220376      3.722786
   10200      3.179414      3.729240
   10220      3.186012      3.723870
   10240      3.181150      3.726176
   10260      3.197568      3.722209
   10280      3.153617      3.725512
   10300      3.181946      3.726013
   10320      3.090297      3.728249
   10340      3.138651      3.734486
   10360      3.189705      3.725809
   10380      3.122522      3.717886
   10400      3.050202      3.712797
   10420      3.102977      3.718667
   10440      3.221405      3.722803
   10460      3.103508      3.722764
   10480      3.086791      3.716803
   10500      3.077492      3.724437
   10520      3.158943      3.719398
   10540      3.101538      3.721014
   10560      3.213250      3.723891
   10580      3.154820      3.722024
   10600      3.187761      3.720083
   10620      3.159811      3.712426
   10640      3.099893      3.715268
   10660      3.173108      3.705101
   10680      3.136643      3.708159
   10700      3.163855      3.713933
   10720      3.121453      3.713240
   10740      3.150641      3.713695
   10760      3.135791      3.709326
   10780      3.139610      3.717306
   10800      3.230321      3.715399
   10820      3.210073      3.719183
   10840      3.095332      3.720254
   10860      3.133135      3.715498
   10880      3.148659      3.714650
   10900      3.086105      3.720649
   10920      3.056693      3.712453
   10940      3.162069      3.711295
   10960      3.084721      3.708609
   10980      3.027260      3.704023
   11000      3.021454      3.716602
   11020      3.089126      3.719027
   11040      3.041917      3.719041
   11060      3.064613      3.712851
   11080      3.103730      3.712788
   11100      3.120910      3.720151
   11120      3.054081      3.723322
   11140      3.159026      3.725562
   11160      3.297931      3.726566
   11180      3.206078      3.716710
   11200      3.192102      3.719282
   11220      3.146779      3.719460
   11240      3.075216      3.716079
   11260      3.271720      3.710761
   11280      3.211615      3.709401
   11300      3.281602      3.716595
   11320      3.192667      3.706511
   11340      3.090800      3.708953
   11360      3.044949      3.707261
   11380      3.102996      3.717516
   11400      3.166157      3.716846
   11420      3.146564      3.720128
   11440      3.058065      3.719159
   11460      3.076177      3.716320
   11480      3.177969      3.711863
   11500      3.142569      3.717003
   11520      3.155832      3.717644
   11540      3.209778      3.711616
   11560      3.141195      3.719112
   11580      3.151081      3.713712
   11600      3.133836      3.713469
   11620      3.209223      3.714049
   11640      3.231511      3.710749
   11660      3.128414      3.703271
   11680      3.105743      3.702701
   11700      3.113396      3.699704
   11720      3.056679      3.703665
   11740      3.068719      3.707956
   11760      3.124066      3.703180
   11780      3.070291      3.703334
   11800      3.160416      3.698188
   11820      3.154728      3.705516
   11840      3.113345      3.704823
   11860      3.209263      3.710171
   11880      3.198374      3.706748
   11900      3.077202      3.705134
   11920      3.171569      3.709381
   11940      3.065036      3.700364
   11960      3.054533      3.702705
   11980      3.114558      3.704539
   12000      3.227569      3.708971
   12020      3.143668      3.702188
   12040      3.136902      3.698311
   12060      3.141908      3.694980
   12080      3.171651      3.694679
   12100      3.225191      3.698762
   12120      3.105347      3.693440
   12140      3.148527      3.685753
   12160      3.264208      3.688021
   12180      3.220759      3.689329
   12200      3.092436      3.692424
   12220      3.231938      3.688850
   12240      3.228047      3.688676
   12260      3.145931      3.685354
   12280      3.220407      3.688208
   12300      3.285763      3.684404
   12320      3.224301      3.685331
   12340      3.164911      3.685070
   12360      3.217920      3.691339
   12380      3.196968      3.688478
   12400      3.134131      3.689461
   12420      3.163673      3.687240
   12440      3.202691      3.689199
   12460      3.204616      3.681567
   12480      3.119326      3.685530
   12500      3.207318      3.685915
   12520      3.131704      3.684457
   12540      3.107702      3.680909
   12560      3.099208      3.687258
   12580      3.155514      3.679676
   12600      3.146401      3.678986
   12620      3.158714      3.673965
   12640      3.108689      3.677397
   12660      3.084432      3.678695
   12680      3.085563      3.681010
   12700      3.219521      3.684380
   12720      3.257841      3.688548
   12740      3.213414      3.685276
   12760      3.229496      3.692681
   12780      3.177406      3.684667
   12800      3.132098      3.683611
   12820      3.199184      3.691330
   12840      3.200611      3.688817
   12860      3.161493      3.689741
   12880      3.170365      3.691911
   12900      3.132564      3.691861
   12920      3.200154      3.696456
   12940      3.293432      3.695884
   12960      3.329909      3.689100
   12980      3.220026      3.688148
   13000      3.278912      3.687095
   13020      3.277035      3.694697
   13040      3.250802      3.700313
   13060      3.228967      3.698181
   13080      3.308663      3.698439
   13100      3.201525      3.700828
   13120      3.207255      3.695883
   13140      3.203364      3.705585
   13160      3.257757      3.695528
   13180      3.297716      3.703094
   13200      3.211262      3.695859
   13220      3.226354      3.691101
   13240      3.203844      3.694981
   13260      3.207441      3.695636
   13280      3.179417      3.688225
   13300      3.165650      3.692047
   13320      3.227464      3.691716
   13340      3.202118      3.693350
   13360      3.153879      3.697951
   13380      3.158844      3.684807
   13400      3.224004      3.689984
   13420      3.248774      3.685224
   13440      3.190600      3.691869
   13460      3.233347      3.686029
   13480      3.212370      3.687174
   13500      3.186747      3.685071
   13520      3.175615      3.700320
   13540      3.158581      3.690787
   13560      3.176281      3.689883
   13580      3.252439      3.690051
   13600      3.189685      3.690631
   13620      3.127784      3.693631
   13640      3.122260      3.691224
   13660      3.290566      3.688490
   13680      3.274126      3.678971
   13700      3.342588      3.680774
   13720      3.240231      3.682286
   13740      3.345913      3.681963
   13760      3.187058      3.688442
   13780      3.237668      3.688166
   13800      3.306216      3.682536
   13820      3.255458      3.679631
   13840      3.201644      3.672833
   13860      3.292014      3.678881
   13880      3.254936      3.682700
   13900      3.268422      3.682185
   13920      3.281599      3.675280
   13940      3.231519      3.676115
   13960      3.285727      3.676179
   13980      3.300119      3.670795
   14000      3.191565      3.674018
   14020      3.222058      3.676361
   14040      3.277910      3.679184
   14060      3.370708      3.678575
   14080      3.190558      3.671358
   14100      3.322892      3.671727
   14120      3.164807      3.680190
   14140      3.237254      3.679256
   14160      3.261621      3.679348
   14180      3.274919      3.678633
   14200      3.200352      3.679705
   14220      3.212140      3.684232
   14240      3.313452      3.681690
   14260      3.352756      3.676716
   14280      3.363112      3.675260
   14300      3.230303      3.671308
   14320      3.409570      3.672930
   14340      3.347066      3.680677
   14360      3.310323      3.676876
   14380      3.407904      3.679011
   14400      3.368587      3.677266
   14420      3.350817      3.672467
   14440      3.260695      3.671314
   14460      3.381815      3.676263
   14480      3.353819      3.672909
   14500      3.301187      3.671004
   14520      3.355007      3.676540
   14540      3.363821      3.677347
   14560      3.264165      3.680918
   14580      3.200383      3.682118
   14600      3.191000      3.680355
   14620      3.266465      3.678745
   14640      3.150660      3.680013
   14660      3.097879      3.682890
   14680      3.300968      3.683690
   14700      3.201928      3.690738
   14720      3.153609      3.691732
   14740      3.154169      3.688129
   14760      3.279407      3.684727
   14780      3.243769      3.686008
   14800      3.202738      3.686149
   14820      3.266011      3.685130
   14840      3.214793      3.686739
   14860      3.238593      3.691499
   14880      3.180019      3.693668
   14900      3.339764      3.697359
   14920      3.325801      3.688984
   14940      3.227371      3.688560
   14960      3.241175      3.680615
   14980      3.187835      3.685959
   15000      3.276110      3.689141
   15020      3.381331      3.694620
   15040      3.306711      3.689605
   15060      3.136509      3.681902
   15080      3.190481      3.688287
   15100      3.198022      3.687746
   15120      3.251792      3.694087
   15140      3.293040      3.691895
   15160      3.313295      3.701997
   15180      3.301311      3.690512
   15200      3.380096      3.683236
   15220      3.222691      3.687267
   15240      3.257167      3.686647
   15260      3.143570      3.694359
   15280      3.198086      3.693120
   15300      3.268339      3.701111
   15320      3.229980      3.701333
   15340      3.357154      3.692972
   15360      3.261926      3.691649
   15380      3.253530      3.693066
   15400      3.312827      3.700862
   15420      3.388837      3.688637
   15440      3.194120      3.687464
   15460      3.222969      3.698743
   15480      3.369230      3.696361
   15500      3.230686      3.703017
   15520      3.280333      3.692504
   15540      3.279146      3.694425
   15560      3.233269      3.699887
   15580      3.274317      3.690546
   15600      3.440316      3.687615
   15620      3.386988      3.691741
   15640      3.374499      3.697930
   15660      3.269107      3.689183
   15680      3.301357      3.694503
   15700      3.056204      3.697701
   15720      3.244152      3.697029
   15740      3.255414      3.693602
   15760      3.250079      3.703915
   15780      3.268191      3.701140
   15800      3.296803      3.702854
   15820      3.173202      3.697657
   15840      3.213745      3.695798
   15860      3.234166      3.695033
   15880      3.305988      3.691236
   15900      3.150484      3.693584
   15920      3.223225      3.688988
   15940      3.145590      3.682859
   15960      3.207323      3.688493
   15980      3.161402      3.682125
   16000      3.207185      3.678130
   16020      3.171128      3.678723
   16040      3.357772      3.674338
   16060      3.151172      3.679882
   16080      3.013340      3.691421
   16100      3.096681      3.688885
   16120      3.168192      3.682845
   16140      3.202447      3.676499
   16160      3.216310      3.688580
   16180      3.162576      3.688297
   16200      3.289337      3.683748
   16220      3.215729      3.671958
   16240      3.154738      3.672908
   16260      3.135478      3.671384
   16280      3.201689      3.668832
   16300      3.226391      3.673844
   16320      3.157152      3.671730
   16340      3.222044      3.674568
   16360      3.312277      3.673171
   16380      3.266090      3.668375
   16400      3.167317      3.673176
   16420      3.276841      3.670098
   16440      3.228774      3.672784
   16460      3.278732      3.670655
   16480      3.156892      3.680917
   16500      3.126423      3.674370
   16520      3.244217      3.679050
   16540      3.260480      3.679598
   16560      3.236543      3.676116
   16580      3.288521      3.669895
   16600      3.218724      3.672351
   16620      3.252072      3.671311
   16640      3.143394      3.676021
   16660      3.177241      3.676024
   16680      3.183519      3.671725
   16700      3.117896      3.672578
   16720      3.180782      3.670929
   16740      3.209707      3.684999
   16760      3.276674      3.676398
   16780      3.214712      3.683826
   16800      3.274777      3.679612
   16820      3.110304      3.672450
   16840      3.072958      3.670098
   16860      3.168358      3.672754
   16880      3.281420      3.672907
   16900      3.387015      3.671946
   16920      3.283526      3.673060
   16940      3.357561      3.670067
   16960      3.236532      3.674682
   16980      3.138518      3.671273
   17000      3.215736      3.674975
   17020      3.221544      3.677508
   17040      3.416568      3.671896
   17060      3.264871      3.674436
   17080      3.217871      3.672923
   17100      3.110125      3.683128
   17120      3.160854      3.683168
   17140      3.206538      3.682214
   17160      3.201699      3.686130
   17180      3.185012      3.685430
   17200      3.124785      3.686175
   17220      3.182499      3.680164
   17240      3.373750      3.683257
   17260      3.203420      3.683085
   17280      3.133812      3.675447
   17300      3.390885      3.676003
   17320      3.385817      3.676774
   17340      3.323603      3.675051
   17360      3.161081      3.674648
   17380      3.305693      3.667275
   17400      3.289451      3.665631
   17420      3.333440      3.669412
   17440      3.276758      3.673902
   17460      3.321735      3.686725
   17480      3.240592      3.683613
   17500      3.349876      3.683827
   17520      3.240893      3.687393
   17540      3.287932      3.677763
   17560      3.253586      3.682108
   17580      3.270593      3.683999
   17600      3.378225      3.683265
   17620      3.344474      3.687112
   17640      3.303136      3.689058
   17660      3.216596      3.685418
   17680      3.269460      3.691581
   17700      3.195761      3.692986
   17720      3.314938      3.694044
   17740      3.204470      3.698220
   17760      3.399011      3.687009
   17780      3.340085      3.683514
   17800      3.284123      3.694020
   17820      3.217852      3.699894
   17840      3.235652      3.695609
   17860      3.214071      3.696017
   17880      3.206218      3.696752
   17900      3.216366      3.699612
   17920      3.286978      3.696318
   17940      3.302009      3.700046
   17960      3.142895      3.699183
   17980      3.263931      3.693589
   18000      3.236048      3.697467
   18020      3.357104      3.691150
   18040      3.161684      3.696010
   18060      3.371231      3.698395
   18080      3.405111      3.704701
   18100      3.243205      3.701336
   18120      3.233013      3.695834
   18140      3.265574      3.696816
   18160      3.314936      3.694737
   18180      3.220092      3.693471
   18200      3.141223      3.699862
   18220      3.221990      3.694136
   18240      3.360349      3.691877
   18260      3.373885      3.694456
   18280      3.309463      3.691713
   18300      3.195879      3.696642
   18320      3.205360      3.693535
   18340      3.220611      3.704518
   18360      3.321267      3.698633
   18380      3.235278      3.708465
   18400      3.232152      3.705196
   18420      3.302622      3.708639
   18440      3.294905      3.712322
   18460      3.270382      3.718691
   18480      3.371505      3.713061
   18500      3.337709      3.710196
   18520      3.291519      3.716513
   18540      3.313923      3.719457
   18560      3.288588      3.718423
   18580      3.212834      3.712991
   18600      3.121184      3.712758
   18620      3.344963      3.709033
   18640      3.458302      3.707580
   18660      3.201495      3.707385
   18680      3.332025      3.709107
   18700      3.237845      3.702943
   18720      3.361429      3.708663
   18740      3.257156      3.715400
   18760      3.227296      3.704590
   18780      3.320981      3.700749
   18800      3.250324      3.710619
   18820      3.286252      3.713369
   18840      3.259790      3.710902
   18860      3.437039      3.705730
   18880      3.260530      3.711205
   18900      3.267335      3.716953
   18920      3.408693      3.716813
   18940      3.305566      3.720672
   18960      3.274127      3.718177
   18980      3.296887      3.716590
   19000      3.249033      3.716319
   19020      3.258280      3.714719
   19040      3.300831      3.714169
   19060      3.299811      3.708666
   19080      3.271144      3.711231
   19100      3.269176      3.714454
   19120      3.317959      3.709930
   19140      3.316622      3.711521
   19160      3.152741      3.716544
   19180      3.307241      3.709862
   19200      3.299328      3.712133
   19220      3.199970      3.708699
   19240      3.307480      3.710535
   19260      3.281504      3.705496
   19280      3.221226      3.703250
   19300      3.224621      3.710886
   19320      3.227187      3.711190
   19340      3.317210      3.705997
   19360      3.288798      3.703295
   19380      3.321221      3.702681
   19400      3.281617      3.698597
   19420      3.263120      3.697313
   19440      3.178426      3.696238
   19460      3.362055      3.693857
   19480      3.428943      3.692797
   19500      3.387697      3.699440
   19520      3.417296      3.697778
   19540      3.400565      3.696834
   19560      3.387444      3.695336
   19580      3.243192      3.696244
   19600      3.282536      3.696471
   19620      3.262064      3.698734
   19640      3.261741      3.694433
   19660      3.307068      3.699095
   19680      3.276206      3.698452
   19700      3.278875      3.702685
   19720      3.231315      3.703876
   19740      3.338138      3.701188
   19760      3.450739      3.708447
   19780      3.423661      3.703402
   19800      3.345509      3.702657
   19820      3.245801      3.705246
   19840      3.366655      3.706962
   19860      3.356699      3.706881
   19880      3.319050      3.693952
   19900      3.403703      3.702591
   19920      3.439669      3.696413
   19940      3.467488      3.702207
   19960      3.255095      3.696984
   19980      3.334586      3.695244
   20000      3.255638      3.694409
   20020      3.297132      3.694646
   20040      3.306206      3.690734
   20060      3.220398      3.687304
   20080      3.338389      3.693206
   20100      3.199945      3.692626
   20120      3.401728      3.690458
   20140      3.320777      3.689683
   20160      3.398567      3.689413
   20180      3.436306      3.690861
   20200      3.391684      3.690779
   20220      3.362030      3.691504
   20240      3.337276      3.691801
   20260      3.365961      3.687116
   20280      3.437386      3.688856
   20300      3.421291      3.690825
   20320      3.328935      3.685408
   20340      3.307887      3.690015
   20360      3.339695      3.686158
   20380      3.449161      3.686269
   20400      3.375359      3.678637
   20420      3.576494      3.678359
   20440      3.542760      3.679530
   20460      3.389890      3.678323
   20480      3.334409      3.686161
   20500      3.184236      3.687319
   20520      3.238402      3.684891
   20540      3.404938      3.684508
   20560      3.247590      3.676907
   20580      3.404823      3.677393
   20600      3.324109      3.677270
   20620      3.409103      3.686590
   20640      3.325360      3.680965
   20660      3.367689      3.681000
   20680      3.071545      3.678461
   20700      3.341585      3.682788
   20720      3.330561      3.673759
   20740      3.361476      3.675108
   20760      3.295759      3.677689
   20780      3.291186      3.673376
   20800      3.251927      3.674077
   20820      3.262056      3.676229
   20840      3.353196      3.669221
   20860      3.296278      3.677338
   20880      3.368012      3.671028
   20900      3.426341      3.676969
   20920      3.422229      3.668424
   20940      3.439506      3.675511
   20960      3.409929      3.672934
   20980      3.372049      3.677414
   21000      3.363896      3.673128
   21020      3.393434      3.679807
   21040      3.237433      3.685096
   21060      3.278825      3.684448
   21080      3.416718      3.681858
   21100      3.402151      3.689327
   21120      3.347175      3.683827
   21140      3.347972      3.687081
   21160      3.466838      3.684870
   21180      3.506148      3.686080
   21200      3.474607      3.683443
   21220      3.312498      3.683083
   21240      3.449709      3.681830
   21260      3.453086      3.682428
   21280      3.392064      3.678835
   21300      3.406316      3.685704
   21320      3.492945      3.688012
   21340      3.365547      3.687101
   21360      3.392784      3.683870
   21380      3.257623      3.685937
   21400      3.250011      3.688106
   21420      3.287960      3.694100
   21440      3.452580      3.690595
   21460      3.336987      3.688414
   21480      3.406052      3.691229
   21500      3.429163      3.690016
   21520      3.326992      3.687126
   21540      3.424939      3.685013
   21560      3.452808      3.682491
   21580      3.438678      3.680384
   21600      3.395561      3.680810
   21620      3.402145      3.681343
   21640      3.254972      3.671613
   21660      3.361808      3.678866
   21680      3.381507      3.679575
   21700      3.296541      3.679727
   21720      3.328801      3.676944
   21740      3.254391      3.677385
   21760      3.302888      3.678276
   21780      3.239440      3.685360
   21800      3.327253      3.687999
   21820      3.436409      3.682629
   21840      3.537708      3.678390
   21860      3.260684      3.673222
   21880      3.316560      3.679511
   21900      3.324392      3.676137
   21920      3.360366      3.678290
   21940      3.235029      3.674467
   21960      3.421460      3.685212
   21980      3.306176      3.677925
   22000      3.295622      3.677794
   22020      3.283183      3.680244
   22040      3.284596      3.680462
   22060      3.340825      3.681515
   22080      3.328782      3.672920
   22100      3.383869      3.676210
   22120      3.253151      3.679943
   22140      3.329284      3.682049
   22160      3.244424      3.684604
   22180      3.428448      3.684981
   22200      3.240557      3.683087
   22220      3.416751      3.687961
   22240      3.308198      3.687908
   22260      3.276532      3.684609
   22280      3.167828      3.687010
   22300      3.238145      3.685876
   22320      3.302016      3.688765
   22340      3.302572      3.685329
   22360      3.296784      3.687549
   22380      3.374836      3.685656
   22400      3.544645      3.682975
   22420      3.450898      3.688266
   22440      3.452093      3.686979
   22460      3.277714      3.684398
   22480      3.474446      3.686051
   22500      3.513521      3.678289
   22520      3.364914      3.672925
   22540      3.432772      3.676650
   22560      3.407804      3.673735
   22580      3.363301      3.670677
   22600      3.268932      3.671865
   22620      3.393614      3.676458
   22640      3.450090      3.678463
   22660      3.357236      3.680365
   22680      3.305755      3.675594
   22700      3.360822      3.671668
   22720      3.404538      3.678107
   22740      3.464966      3.679387
   22760      3.364836      3.677455
   22780      3.392873      3.678592
   22800      3.338992      3.675691
   22820      3.290282      3.674914
   22840      3.335984      3.678693
   22860      3.419145      3.678506
   22880      3.486018      3.686844
   22900      3.378646      3.683570
   22920      3.365424      3.670728
   22940      3.388373      3.672945
   22960      3.414786      3.675331
   22980      3.380368      3.673315
   23000      3.424517      3.676206
   23020      3.397654      3.677733
   23040      3.491766      3.683250
   23060      3.576537      3.678978
   23080      3.470723      3.683253
   23100      3.515401      3.681576
   23120      3.298712      3.674342
   23140      3.380759      3.675199
   23160      3.419116      3.668680
   23180      3.377768      3.675562
   23200      3.467025      3.666613
   23220      3.419439      3.667706
   23240      3.456642      3.667209
   23260      3.511091      3.667594
   23280      3.400020      3.675874
   23300      3.519246      3.675740
   23320      3.391632      3.677938
   23340      3.419927      3.674347
   23360      3.557452      3.672284
   23380      3.482140      3.682796
   23400      3.489451      3.676666
   23420      3.406241      3.681293
   23440      3.317786      3.685625
   23460      3.535951      3.678535
   23480      3.486583      3.682380
   23500      3.369085      3.678796
   23520      3.398074      3.677927
   23540      3.383230      3.671045
   23560      3.397695      3.676728
   23580      3.363641      3.680834
   23600      3.272508      3.681267
   23620      3.376779      3.678177
   23640      3.225618      3.679649
   23660      3.363758      3.680990
   23680      3.406323      3.686075
   23700      3.263125      3.677075
   23720      3.336144      3.683979
   23740      3.350815      3.679215
   23760      3.382765      3.684588
   23780      3.346666      3.680852
   23800      3.457446      3.680424
   23820      3.370451      3.681075
   23840      3.309102      3.684366
   23860      3.371440      3.682137
   23880      3.518996      3.687887
   23900      3.337241      3.676087
   23920      3.264199      3.682776
   23940      3.440866      3.681333
   23960      3.280839      3.681184
   23980      3.298153      3.685754
   24000      3.356144      3.677024
   24020      3.306171      3.687725
   24040      3.159764      3.680253
   24060      3.170146      3.681617
   24080      3.341376      3.683992
   24100      3.205711      3.685346
   24120      3.303316      3.684581
   24140      3.164602      3.690266
   24160      3.319417      3.685483
   24180      3.312607      3.682172
   24200      3.392499      3.678458
   24220      3.199324      3.679432
   24240      3.274421      3.679499
   24260      3.412539      3.673874
   24280      3.507189      3.676244
   24300      3.264989      3.678691
   24320      3.247132      3.680605
   24340      3.313456      3.683503
   24360      3.327974      3.685402
   24380      3.406267      3.681630
   24400      3.445544      3.691417
   24420      3.174582      3.699222
   24440      3.219646      3.694166
   24460      3.196832      3.692382
   24480      3.239895      3.693646
   24500      3.174919      3.696256
   24520      3.463200      3.694232
   24540      3.205451      3.698688
   24560      3.329961      3.700838
   24580      3.249946      3.704911
   24600      3.366373      3.701143
   24620      3.365992      3.705678
   24640      3.377752      3.697351
   24660      3.285520      3.697489
   24680      3.216588      3.702302
   24700      3.273331      3.699341
   24720      3.210648      3.700515
   24740      3.266864      3.704428
   24760      3.301844      3.703924
   24780      3.197930      3.705985
   24800      3.180610      3.701637
   24820      3.180415      3.701348
   24840      3.206732      3.698824
   24860      3.231181      3.700387
   24880      3.236430      3.699011
   24900      3.425987      3.701381
   24920      3.251771      3.693285
   24940      3.240045      3.693263
   24960      3.332603      3.696514
   24980      3.287879      3.698141
   25000      3.434049      3.693453
   25020      3.332553      3.696739
   25040      3.271266      3.695534
   25060      3.407107      3.702745
   25080      3.274784      3.696588
   25100      3.285339      3.701061
   25120      3.263383      3.700875
   25140      3.252715      3.697185
   25160      3.232944      3.700921
   25180      3.332614      3.704296
   25200      3.254178      3.700666
   25220      3.237843      3.699717
   25240      3.223536      3.705435
   25260      3.211379      3.708116
   25280      3.309607      3.697565
   25300      3.325789      3.694071
   25320      3.266591      3.698097
   25340      3.230110      3.697320
   25360      3.382395      3.699401
   25380      3.388171      3.701444
   25400      3.261830      3.696632
   25420      3.134215      3.697757
   25440      3.291325      3.704837
   25460      3.475872      3.705679
   25480      3.331981      3.707923
   25500      3.392616      3.710917
   25520      3.363595      3.705432
   25540      3.365136      3.704496
   25560      3.317390      3.695279
   25580      3.365403      3.695288
   25600      3.414801      3.704784
   25620      3.295378      3.705745
   25640      3.361943      3.713598
   25660      3.446210      3.706443
   25680      3.413027      3.696519
   25700      3.433012      3.710923
   25720      3.434609      3.705022
   25740      3.468728      3.714766
   25760      3.456198      3.710606
   25780      3.405094      3.711383
   25800      3.439011      3.711608
   25820      3.283377      3.712886
   25840      3.363292      3.714653
   25860      3.425248      3.711861
   25880      3.348338      3.715934
   25900      3.432151      3.715901
   25920      3.384320      3.713163
   25940      3.481368      3.709448
   25960      3.477665      3.715380
   25980      3.291796      3.710681
   26000      3.325498      3.712830
   26020      3.340370      3.713613
   26040      3.401098      3.713289
   26060      3.313121      3.715538
   26080      3.315188      3.712333
   26100      3.472368      3.708354
   26120      3.355495      3.707783
   26140      3.382179      3.706106
   26160      3.432771      3.706994
   26180      3.353629      3.706336
   26200      3.431212      3.711519
   26220      3.317343      3.714617
   26240      3.398836      3.714079
   26260      3.403166      3.710273
   26280      3.350288      3.700701
   26300      3.333682      3.707137
   26320      3.323685      3.700393
   26340      3.418107      3.704618
   26360      3.329871      3.700576
   26380      3.330138      3.709467
   26400      3.247736      3.706599
   26420      3.321708      3.711943
   26440      3.428614      3.711722
   26460      3.369636      3.705991
   26480      3.357613      3.709206
   26500      3.336648      3.709796
   26520      3.381056      3.714003
   26540      3.459173      3.712961
   26560      3.418231      3.713051
   26580      3.283959      3.718661
   26600      3.387543      3.713538
   26620      3.491745      3.717970
   26640      3.386415      3.714282
   26660      3.320977      3.714811
   26680      3.353892      3.711684
   26700      3.422454      3.709836
   26720      3.461985      3.712482
   26740      3.364615      3.710471
   26760      3.366521      3.710154
   26780      3.379864      3.712857
   26800      3.442561      3.706221
   26820      3.403280      3.712551
   26840      3.390224      3.712812
   26860      3.301030      3.706843
   26880      3.365565      3.707529
   26900      3.254429      3.702484
   26920      3.244431      3.714446
   26940      3.297540      3.702719
   26960      3.342678      3.699590
   26980      3.374316      3.700857
   27000      3.356882      3.699429
   27020      3.432630      3.702910
   27040      3.444473      3.704437
   27060      3.376804      3.711488
   27080      3.375124      3.701515
   27100      3.303694      3.702157
   27120      3.413501      3.704270
   27140      3.373241      3.696022
   27160      3.511856      3.704399
   27180      3.491729      3.704909
   27200      3.337016      3.701457
   27220      3.445708      3.706661
   27240      3.302012      3.704237
   27260      3.424231      3.707153
   27280      3.397673      3.703708
   27300      3.493341      3.708513
   27320      3.284500      3.706293
   27340      3.266517      3.703128
   27360      3.326716      3.709905
   27380      3.312197      3.709396
   27400      3.346699      3.705586
   27420      3.253754      3.712000
   27440      3.258695      3.704876
   27460      3.324753      3.704710
   27480      3.239202      3.701776
   27500      3.241880      3.711719
   27520      3.295280      3.708301
   27540      3.232130      3.707665
   27560      3.399417      3.710801
   27580      3.422089      3.708924
   27600      3.357853      3.704116
   27620      3.286711      3.701825
   27640      3.231274      3.710149
   27660      3.111088      3.709444
   27680      3.215015      3.710938
   27700      3.238112      3.708396
   27720      3.187744      3.700333
   27740      3.337032      3.698816
   27760      3.334147      3.696958
   27780      3.169133      3.699240
   27800      3.158622      3.695838
   27820      3.295165      3.702404
   27840      3.285623      3.708072
   27860      3.360083      3.694516
   27880      3.308204      3.698619
   27900      3.405835      3.701961
   27920      3.355089      3.695576
   27940      3.343863      3.693715
   27960      3.350462      3.694998
   27980      3.308833      3.699261
   28000      3.326828      3.693414
   28020      3.288793      3.698179
   28040      3.288508      3.694963
   28060      3.198786      3.697202
   28080      3.256313      3.694567
   28100      3.258234      3.698249
   28120      3.227193      3.698927
   28140      3.193796      3.702248
   28160      3.401718      3.697645
   28180      3.296029      3.695258
   28200      3.313851      3.700490
   28220      3.408706      3.695892
   28240      3.353096      3.699686
   28260      3.270301      3.699719
   28280      3.281099      3.695786
   28300      3.232693      3.693859
   28320      3.341420      3.702621
   28340      3.346565      3.703791
   28360      3.183568      3.701235
   28380      3.317296      3.701764
   28400      3.261296      3.698875
   28420      3.284612      3.707345
   28440      3.375377      3.701260
   28460      3.398441      3.697180
   28480      3.276191      3.703312
   28500      3.383683      3.702299
   28520      3.318533      3.704847
   28540      3.295248      3.712427
   28560      3.320952      3.706047
   28580      3.331250      3.708425
   28600      3.285743      3.706016
   28620      3.305777      3.709183
   28640      3.196430      3.704690
   28660      3.332302      3.708690
   28680      3.325595      3.707050
   28700      3.273015      3.709376
   28720      3.315900      3.708751
   28740      3.318235      3.713968
   28760      3.251802      3.709479
   28780      3.268222      3.716499
   28800      3.315549      3.713056
   28820      3.203362      3.713369
   28840      3.221661      3.717369
   28860      3.182390      3.719069
   28880      3.181993      3.718968
   28900      3.256852      3.715033
   28920      3.278735      3.715337
   28940      3.319385      3.709888
   28960      3.374366      3.716137
   28980      3.281105      3.710167
   29000      3.406388      3.710179
   29020      3.246662      3.706368
   29040      3.294512      3.707586
   29060      3.281082      3.716653
   29080      3.356744      3.711441
   29100      3.377822      3.715175
   29120      3.235784      3.720180
   29140      3.276420      3.717769
   29160      3.269448      3.723582
   29180      3.303916      3.719484
   29200      3.364366      3.723977
   29220      3.381177      3.720885
   29240      3.315174      3.722013
   29260      3.467070      3.721648
   29280      3.319394      3.718750
   29300      3.252549      3.728892
   29320      3.304470      3.721824
   29340      3.373098      3.721827
   29360      3.328545      3.725165
   29380      3.348343      3.724588
   29400      3.290958      3.725607
   29420      3.261740      3.729447
   29440      3.384783      3.727632
   29460      3.491429      3.731939
   29480      3.390602      3.729283
   29500      3.344300      3.730215
   29520      3.442166      3.730509
   29540      3.238926      3.731286
   29560      3.384936      3.730873
   29580      3.399335      3.733854
   29600      3.378377      3.729262
   29620      3.329370      3.730630
   29640      3.292015      3.732560
   29660      3.422740      3.736588
   29680      3.248063      3.726595
   29700      3.233972      3.725672
   29720      3.400799      3.728847
   29740      3.332145      3.727953
   29760      3.267495      3.726789
   29780      3.444324      3.723232
   29800      3.299422      3.734374
   29820      3.340319      3.727523
   29840      3.304243      3.726826
   29860      3.305438      3.727694
   29880      3.269897      3.727633
   29900      3.374138      3.731340
   29920      3.254546      3.734966
   29940      3.368551      3.735760
   29960      3.356532      3.730180
   29980      3.353178      3.734345
   30000      3.343791      3.730093
