   10000      8.054360      4.990791
   10020      8.081665      4.994765
   10040      8.073479      4.996564
   10060      8.087600      5.000812
   10080      8.267552      5.011648
   10100      8.362287      5.042622
   10120      8.376456      5.031331
   10140      8.161997      5.053114
   10160      8.523137      5.041832
   10180      8.494365      5.048914
   10200      8.304553      5.058389
   10220      8.260219      5.059306
   10240      8.383724      5.055834
   10260      8.602579      5.070114
   10280      8.601846      5.067743
   10300      8.617356      5.071258
   10320      8.479663      5.064550
   10340      8.496755      5.044458
   10360      8.761483      5.049155
   10380      8.445811      5.047040
   10400      7.915987      5.026648
   10420      8.394762      5.031367
   10440      8.372692      5.008460
   10460      8.364718      5.009872
   10480      8.461641      5.038749
   10500      8.464415      5.041393
   10520      7.930359      5.045760
   10540      8.315456      5.052604
   10560      8.707578      5.055098
   10580      8.337778      5.059294
   10600      8.526642      5.060630
   10620      8.351417      5.047382
   10640      8.859249      5.057732
   10660      8.139492      5.061462
   10680      8.354952      5.062980
   10700      8.115661      5.029916
   10720      8.607911      5.044040
   10740      8.326007      5.032500
   10760      8.092004      5.019422
   10780      7.980722      5.023673
   10800      8.371001      5.026421
   10820      8.344450      5.020103
   10840      8.310104      5.028406
   10860      8.531276      5.036136
   10880      8.560000      5.039642
   10900      8.380331      5.042328
   10920      8.288391      5.040859
   10940      7.991575      5.050517
   10960      8.538575      5.061721
   10980      8.630049      5.070594
   11000      8.765187      5.060867
   11020      8.423777      5.093487
   11040      8.264086      5.092423
   11060      8.809217      5.096582
   11080      8.753064      5.099367
   11100      8.513755      5.094311
   11120      8.487740      5.102304
   11140      8.361118      5.105548
   11160      8.329925      5.109780
   11180      8.455373      5.123229
   11200      8.213572      5.111771
   11220      8.353249      5.117023
   11240      8.029284      5.104752
   11260      7.986838      5.094470
   11280      7.667420      5.097717
   11300      7.952793      5.095034
   11320      7.793402      5.077464
   11340      7.867259      5.082315
   11360      7.674660      5.052228
   11380      7.242370      5.055807
   11400      7.330931      5.046048
   11420      7.508154      5.042272
   11440      7.355846      5.043965
   11460      7.513052      5.046147
   11480      7.287548      5.039275
   11500      7.598820      5.047351
   11520      7.268819      5.045437
   11540      7.452986      5.056693
   11560      7.384929      5.045810
   11580      7.238102      5.041046
   11600      7.318320      5.045421
   11620      7.429789      5.042625
   11640      7.509518      5.046385
   11660      7.398918      5.052660
   11680      7.623024      5.057142
   11700      7.873563      5.061555
   11720      7.829831      5.068800
   11740      7.764305      5.081235
   11760      7.699730      5.086555
   11780      7.532167      5.081946
   11800      7.619457      5.090542
   11820      7.625957      5.095952
   11840      7.782528      5.113798
   11860      7.596661      5.102593
   11880      7.665577      5.113477
   11900      7.536320      5.123908
   11920      7.556971      5.136925
   11940      7.802156      5.140060
   11960      7.768275      5.123023
   11980      7.768156      5.137394
   12000      7.750775      5.108933
   12020      7.374516      5.118026
   12040      7.720767      5.123395
   12060      7.792198      5.107324
   12080      7.785864      5.111964
   12100      7.913891      5.124398
   12120      7.636629      5.113888
   12140      7.705317      5.120353
   12160      7.781267      5.140706
   12180      7.947777      5.127257
   12200      7.733117      5.133096
   12220      7.585909      5.119499
   12240      7.823553      5.114755
   12260      7.509466      5.114947
   12280      7.470129      5.127163
   12300      7.319965      5.094963
   12320      7.585880      5.104881
   12340      7.613459      5.099543
   12360      7.590803      5.091501
   12380      7.720519      5.063819
   12400      7.792992      5.062341
   12420      7.448506      5.048579
   12440      7.590759      5.050168
   12460      7.432802      5.052771
   12480      7.794315      5.048612
   12500      8.085168      5.052476
   12520      8.023881      5.044033
   12540      8.056852      5.036062
   12560      8.366992      5.054684
   12580      8.257873      5.055848
   12600      8.498010      5.064579
   12620      8.474698      5.058581
   12640      7.760162      5.051138
   12660      7.612001      5.053800
   12680      7.990082      5.045668
   12700      8.632374      5.051704
   12720      8.467365      5.048124
   12740      8.427485      5.040248
   12760      8.114591      5.046250
   12780      8.001035      5.042901
   12800      7.989569      5.039506
   12820      7.874124      5.046733
   12840      8.503153      5.060381
   12860      8.079987      5.055592
   12880      8.230429      5.055356
   12900      8.407223      5.060127
   12920      8.394544      5.035057
   12940      8.211270      5.030477
   12960      8.542923      5.034533
   12980      8.473793      5.013707
   13000      8.446589      5.006331
   13020      8.562641      5.013669
   13040      8.654661      5.011492
   13060      8.750694      5.022790
   13080      8.639177      5.014698
   13100      8.716585      5.016910
   13120      8.783542      5.023060
   13140      8.602984      5.020122
   13160      8.479126      5.018856
   13180      8.492749      5.006756
   13200      8.961951      5.022628
   13220      8.823616      5.016548
   13240      8.593375      5.002747
   13260      8.845925      5.007326
   13280      8.740355      5.000018
   13300      8.527593      5.002844
   13320      8.920778      4.995593
   13340      8.736764      4.996588
   13360      8.726878      5.005774
   13380      8.511016      5.003235
   13400      8.689956      5.003307
   13420      8.587280      5.028126
   13440      8.394657      5.011761
   13460      8.254015      5.003860
   13480      8.534784      5.004097
   13500      8.373035      5.000527
   13520      8.392807      5.013291
   13540      8.355116      5.009050
   13560      8.490907      5.017183
   13580      8.490129      5.018103
   13600      8.561009      5.022643
   13620      8.374153      5.035330
   13640      8.586275      5.036328
   13660      8.613914      5.027734
   13680      8.765129      5.041440
   13700      8.643240      5.052828
   13720      8.768323      5.039838
   13740      8.687729      5.024404
   13760      8.440808      5.013040
   13780      8.417946      5.024433
   13800      8.463587      5.016735
   13820      8.337408      5.005114
   13840      8.393142      4.989666
   13860      8.228963      4.979810
   13880      8.351335      4.981977
   13900      8.517072      4.995851
   13920      8.326561      4.999416
   13940      8.436093      5.021249
   13960      8.692465      5.021236
   13980      8.388381      4.995825
   14000      8.602815      4.995338
   14020      8.513646      5.003447
   14040      8.041150      4.991414
   14060      8.221869      4.989352
   14080      8.386636      4.989043
   14100      8.549037      4.975971
   14120      8.363683      4.964309
   14140      8.204698      4.963483
   14160      8.159703      4.971640
   14180      8.208661      4.992055
   14200      7.853791      4.975696
   14220      8.046293      4.972016
   14240      7.571254      4.976687
   14260      7.578667      4.974213
   14280      7.653080      4.967307
   14300      7.474533      4.940950
   14320      8.221403      4.959795
   14340      8.261972      4.973098
   14360      7.715075      4.979375
   14380      8.099434      4.992677
   14400      8.337606      4.993850
   14420      8.458405      4.995210
   14440      7.870282      5.006491
   14460      8.214043      5.000859
   14480      7.949581      5.002981
   14500      7.908961      4.983438
   14520      7.960458      4.990528
   14540      8.440261      5.011411
   14560      8.245486      5.043576
   14580      8.361497      5.043621
   14600      8.183828      5.036069
   14620      8.620069      5.030769
   14640      8.521998      5.019055
   14660      8.345703      5.018591
   14680      8.218358      5.031895
   14700      8.298986      5.037143
   14720      8.562724      5.020972
   14740      8.703427      5.031075
   14760      9.058612      5.034950
   14780      8.525654      5.041113
   14800      8.658123      5.045542
   14820      8.510874      5.038861
   14840      8.554088      5.047871
   14860      8.826604      5.058724
   14880      8.773015      5.063444
   14900      8.516155      5.064040
   14920      8.899541      5.071317
   14940      8.636783      5.069248
   14960      8.263348      5.065364
   14980      8.816772      5.085224
   15000      8.153791      5.091161
   15020      8.206686      5.075069
   15040      8.913193      5.089766
   15060      8.541997      5.087357
   15080      8.511010      5.084657
   15100      8.332465      5.086065
   15120      8.753400      5.098630
   15140      8.727029      5.075518
   15160      8.699036      5.080144
   15180      8.696233      5.084264
   15200      9.060099      5.089879
   15220      8.790875      5.111231
   15240      8.660916      5.110562
   15260      8.637431      5.086345
   15280      8.781567      5.090822
   15300      8.305377      5.093115
   15320      8.438001      5.097688
   15340      8.546858      5.096289
   15360      8.648610      5.109551
   15380      8.807043      5.124557
   15400      8.359450      5.137895
   15420      8.760858      5.141838
   15440      8.848279      5.135019
   15460      8.765204      5.121981
   15480      8.631711      5.140802
   15500      8.889315      5.131798
   15520      9.151731      5.129708
   15540      9.082439      5.135126
   15560      9.037616      5.124066
   15580      8.487105      5.110952
   15600      8.771540      5.130242
   15620      8.899204      5.126640
   15640      8.819427      5.138769
   15660      9.095277      5.117701
   15680      8.249821      5.116669
   15700      9.037256      5.126234
   15720      8.998300      5.132674
   15740      9.056780      5.120052
   15760      8.860884      5.125514
   15780      8.803235      5.136781
   15800      9.040839      5.139514
   15820      8.991054      5.138484
   15840      8.828426      5.141294
   15860      8.448452      5.146474
   15880      8.598185      5.162059
   15900      8.485545      5.149443
   15920      8.601861      5.173116
   15940      8.037832      5.162634
   15960      8.383267      5.170579
   15980      8.532182      5.183509
   16000      8.948032      5.183244
   16020      8.548764      5.182579
   16040      8.779967      5.186108
   16060      8.850063      5.195427
   16080      9.074241      5.181657
   16100      8.768419      5.192063
   16120      8.816130      5.193024
   16140      9.129862      5.184695
   16160      8.912207      5.164390
   16180      8.557259      5.171566
   16200      8.870728      5.184517
   16220      8.535708      5.194654
   16240      8.538899      5.183158
   16260      8.875870      5.182998
   16280      8.511781      5.175706
   16300      8.744720      5.183396
   16320      8.870621      5.184312
   16340      8.478709      5.184973
   16360      8.792948      5.190422
   16380      8.570499      5.194980
   16400      9.183242      5.201076
   16420      8.514303      5.193369
   16440      8.462391      5.191971
   16460      8.313097      5.188692
   16480      8.429466      5.181834
   16500      8.440739      5.190329
   16520      8.327064      5.174260
   16540      8.523174      5.204562
   16560      8.397023      5.208940
   16580      8.430578      5.213297
   16600      8.716167      5.218097
   16620      8.890548      5.227247
   16640      8.845853      5.225739
   16660      8.917676      5.222946
   16680      9.126243      5.224495
   16700      8.736921      5.239872
   16720      8.647852      5.225612
   16740      8.466394      5.224952
   16760      8.506331      5.209421
   16780      8.791590      5.236100
   16800      8.703968      5.240398
   16820      8.781848      5.235831
   16840      8.773627      5.246156
   16860      9.010477      5.234769
   16880      8.890993      5.222667
   16900      8.881363      5.198783
   16920      8.665396      5.188834
   16940      8.799609      5.203290
   16960      8.906732      5.202748
   16980      8.999870      5.224350
   17000      9.104588      5.226056
   17020      8.917411      5.234412
   17040      8.939884      5.240072
   17060      9.289239      5.248928
   17080      8.982031      5.239859
   17100      8.994407      5.241081
   17120      9.011973      5.246265
   17140      9.110497      5.242885
   17160      8.859064      5.261296
   17180      9.238446      5.257418
   17200      9.091970      5.271476
   17220      8.912035      5.267882
   17240      9.089866      5.280377
   17260      8.865583      5.276037
   17280      9.064312      5.272837
   17300      8.729631      5.268989
   17320      8.999640      5.274583
   17340      9.140197      5.266792
   17360      9.265460      5.269301
   17380      9.229484      5.294000
   17400      9.076730      5.302568
   17420      9.328934      5.309220
   17440      9.479900      5.311456
   17460      9.509256      5.296153
   17480      9.345988      5.287388
   17500      9.435079      5.289757
   17520      9.181371      5.286397
   17540      9.201633      5.278487
   17560      8.868294      5.286746
   17580      9.235772      5.298437
   17600      9.246306      5.288930
   17620      9.235955      5.292198
   17640      8.832026      5.285201
   17660      9.422058      5.289427
   17680      9.131148      5.297008
   17700      9.266683      5.287576
   17720      9.138034      5.288768
   17740      9.102781      5.289190
   17760      9.261079      5.285461
   17780      9.187783      5.287696
   17800      9.047411      5.303069
   17820      8.780154      5.306025
   17840      9.145509      5.318220
   17860      9.093355      5.284029
   17880      9.318663      5.262344
   17900      9.298334      5.264780
   17920      8.675235      5.251706
   17940      8.825200      5.248108
   17960      8.826980      5.245078
   17980      8.835587      5.268039
   18000      9.056742      5.248863
   18020      8.806109      5.248883
   18040      8.934106      5.251222
   18060      9.152756      5.257338
   18080      8.314453      5.259461
   18100      8.649221      5.243943
   18120      8.352606      5.247029
   18140      8.437340      5.246116
   18160      9.241785      5.272883
   18180      9.346022      5.275058
   18200      9.209249      5.250169
   18220      8.831110      5.261002
   18240      8.792884      5.254252
   18260      9.113582      5.237291
   18280      9.054732      5.243329
   18300      8.699918      5.218839
   18320      8.722613      5.217624
   18340      8.746980      5.206818
   18360      8.889879      5.208945
   18380      8.645106      5.216082
   18400      8.319647      5.221756
   18420      8.266742      5.234640
   18440      8.489823      5.231372
   18460      8.344375      5.224980
   18480      8.649327      5.230805
   18500      8.629853      5.233940
   18520      8.450277      5.234369
   18540      8.275056      5.237673
   18560      8.516203      5.220918
   18580      8.262498      5.211250
   18600      8.457532      5.212772
   18620      8.280345      5.219364
   18640      8.324180      5.227339
   18660      8.344799      5.222096
   18680      8.521609      5.220775
   18700      8.366917      5.213828
   18720      8.388461      5.221936
   18740      8.320524      5.218787
   18760      8.265843      5.207254
   18780      8.202622      5.206572
   18800      8.351268      5.212785
   18820      8.234891      5.226960
   18840      8.424511      5.238683
   18860      8.700754      5.249080
   18880      8.367096      5.264889
   18900      8.339301      5.253504
   18920      8.566600      5.251035
   18940      8.524351      5.259142
   18960      8.411110      5.259504
   18980      8.355807      5.259665
   19000      8.450433      5.260461
   19020      8.739759      5.260875
   19040      8.380749      5.268529
   19060      8.598539      5.278842
   19080      8.401108      5.280107
   19100      8.256118      5.269854
   19120      8.246782      5.262830
   19140      8.257342      5.252397
   19160      8.356361      5.262628
   19180      8.452496      5.249185
   19200      8.176538      5.257181
   19220      8.152147      5.250779
   19240      8.252319      5.263437
   19260      7.967023      5.239800
   19280      8.333440      5.233512
   19300      8.399890      5.244723
   19320      8.506051      5.245034
   19340      8.456502      5.263698
   19360      8.259479      5.247783
   19380      8.266953      5.234852
   19400      8.193748      5.213155
   19420      8.333609      5.207028
   19440      8.127426      5.211180
   19460      8.186156      5.204467
   19480      8.224551      5.202208
   19500      8.231862      5.203278
   19520      8.299789      5.208961
   19540      8.364365      5.205368
   19560      8.287790      5.193734
   19580      8.046367      5.192303
   19600      8.038174      5.182622
   19620      8.335156      5.194348
   19640      8.353024      5.192361
   19660      8.154149      5.190225
   19680      8.071699      5.196662
   19700      8.601801      5.189113
   19720      8.264642      5.198262
   19740      8.080616      5.206831
   19760      8.068244      5.206857
   19780      8.235880      5.208526
   19800      8.144595      5.200241
   19820      8.136666      5.177500
   19840      8.106333      5.186052
   19860      8.168731      5.176359
   19880      8.127850      5.194070
   19900      8.403075      5.205029
   19920      7.774288      5.178497
   19940      8.105171      5.186226
   19960      8.307855      5.201455
   19980      8.105475      5.196145
   20000      8.183502      5.195556
   20020      8.256532      5.205367
   20040      8.216064      5.215676
   20060      8.242211      5.198769
   20080      8.127137      5.199046
   20100      8.602129      5.203886
   20120      8.197918      5.210827
   20140      8.689394      5.208903
   20160      8.185644      5.218294
   20180      8.447302      5.220332
   20200      8.375999      5.210160
   20220      8.324384      5.217527
   20240      8.273983      5.224147
   20260      8.329381      5.216008
   20280      8.748431      5.210689
   20300      8.276899      5.205003
   20320      8.494859      5.215904
   20340      8.386376      5.214211
   20360      8.674308      5.217385
   20380      8.568655      5.218647
   20400      8.383926      5.226505
   20420      8.644171      5.236761
   20440      8.358619      5.247941
   20460      8.233853      5.255250
   20480      8.754595      5.253791
   20500      8.519964      5.240137
   20520      8.408047      5.245582
   20540      8.721111      5.245424
   20560      8.394894      5.233795
   20580      8.257036      5.231257
   20600      8.301949      5.235988
   20620      8.251618      5.236219
   20640      8.351661      5.249364
   20660      8.387419      5.237755
   20680      8.546969      5.242882
   20700      8.418983      5.233823
   20720      8.846530      5.234981
   20740      8.292601      5.230879
   20760      8.345675      5.220608
   20780      8.337278      5.211540
   20800      8.393403      5.203799
   20820      8.294683      5.220186
   20840      8.268720      5.229622
   20860      8.346266      5.222427
   20880      8.322501      5.226368
   20900      8.434447      5.220801
   20920      8.395361      5.222496
   20940      8.533603      5.232963
   20960      9.013525      5.227488
   20980      8.365999      5.230911
   21000      8.518002      5.222881
   21020      8.412295      5.225368
   21040      8.716492      5.233337
   21060      8.685497      5.243733
   21080      8.725856      5.249803
   21100      8.829312      5.253932
   21120      8.608052      5.244239
   21140      8.464891      5.241775
   21160      8.648487      5.235257
   21180      8.431463      5.227583
   21200      8.440147      5.235359
   21220      8.456686      5.225251
   21240      8.345539      5.227070
   21260      8.607468      5.228937
   21280      8.584829      5.213711
   21300      8.595875      5.226728
   21320      8.617643      5.218913
   21340      8.795701      5.222971
   21360      8.577106      5.225849
   21380      8.675988      5.210480
   21400      8.350283      5.208259
   21420      8.542779      5.224665
   21440      8.569140      5.200438
   21460      8.533006      5.187553
   21480      8.394638      5.189051
   21500      8.507071      5.183067
   21520      8.320840      5.182534
   21540      8.685094      5.179744
   21560      8.529733      5.199010
   21580      8.614629      5.184701
   21600      8.618326      5.178371
   21620      8.407299      5.174306
   21640      8.675364      5.182890
   21660      8.418374      5.191755
   21680      8.605026      5.189701
   21700      8.678226      5.199646
   21720      8.474588      5.201502
   21740      8.435201      5.197630
   21760      8.271606      5.197823
   21780      8.477035      5.202330
   21800      8.631276      5.204043
   21820      8.356585      5.207458
   21840      8.542316      5.208433
   21860      8.718104      5.203109
   21880      8.542753      5.211364
   21900      8.709206      5.212889
   21920      8.455018      5.209616
   21940      8.734330      5.212725
   21960      8.629120      5.220470
   21980      8.776431      5.216535
   22000      8.528971      5.203105
   22020      8.597423      5.199132
   22040      8.343357      5.192460
   22060      8.594222      5.197552
   22080      8.277955      5.191013
   22100      8.420212      5.185216
   22120      8.832637      5.183736
   22140      8.528178      5.183036
   22160      8.568051      5.182634
   22180      8.468316      5.181136
   22200      8.622010      5.185049
   22220      8.686752      5.203206
   22240      8.522905      5.197079
   22260      8.690731      5.193578
   22280      8.443800      5.176629
   22300      8.416336      5.188811
   22320      8.492524      5.180779
   22340      8.790899      5.162975
   22360      8.485976      5.165459
   22380      8.321806      5.162506
   22400      8.274240      5.162709
   22420      8.322022      5.157283
   22440      8.146337      5.150889
   22460      8.190446      5.181195
   22480      8.061708      5.172357
   22500      8.112316      5.163332
   22520      8.403300      5.174983
   22540      8.392050      5.168446
   22560      8.573426      5.187496
   22580      8.520843      5.183050
   22600      8.409024      5.189919
   22620      8.404979      5.181283
   22640      8.509991      5.187711
   22660      8.660734      5.189176
   22680      8.679473      5.194939
   22700      8.364983      5.207185
   22720      8.611715      5.211962
   22740      8.383186      5.219525
   22760      8.441751      5.204337
   22780      8.723228      5.206142
   22800      8.586547      5.213820
   22820      8.682904      5.214683
   22840      8.593925      5.216780
   22860      8.481467      5.215842
   22880      8.138832      5.214434
   22900      8.526503      5.211988
   22920      8.340497      5.222815
   22940      8.649380      5.229509
   22960      8.720584      5.246102
   22980      8.512969      5.240284
   23000      8.612581      5.240360
   23020      8.436355      5.242219
   23040      8.445650      5.238411
   23060      8.373510      5.229179
   23080      8.760260      5.230954
   23100      8.591633      5.220401
   23120      8.160939      5.219940
   23140      8.254315      5.226920
   23160      8.429708      5.226311
   23180      8.628626      5.225176
   23200      8.587652      5.238020
   23220      8.572883      5.230406
   23240      8.631352      5.230615
   23260      8.505250      5.204722
   23280      8.498428      5.217078
   23300      8.651712      5.217412
   23320      8.728587      5.243755
   23340      8.641128      5.231951
   23360      8.562890      5.232071
   23380      8.502167      5.240493
   23400      8.423794      5.239892
   23420      8.512256      5.225347
   23440      8.441550      5.213478
   23460      8.443250      5.213341
   23480      8.387799      5.199726
   23500      8.309800      5.194857
   23520      8.695369      5.203967
   23540      8.489774      5.190573
   23560      8.597542      5.168424
   23580      8.418867      5.170542
   23600      8.278949      5.187762
   23620      8.367285      5.175476
   23640      8.599149      5.179232
   23660      8.801451      5.177001
   23680      8.459103      5.174713
   23700      8.483122      5.190147
   23720      8.421457      5.191592
   23740      8.624507      5.187780
   23760      8.590076      5.198885
   23780      8.568856      5.192295
   23800      8.489149      5.184309
   23820      8.210438      5.186501
   23840      8.298639      5.178331
   23860      8.350840      5.192756
   23880      8.552677      5.188991
   23900      8.471969      5.185888
   23920      8.364677      5.200320
   23940      8.641840      5.196663
   23960      8.570986      5.208490
   23980      8.474750      5.207478
   24000      8.652882      5.202763
   24020      8.694654      5.215430
   24040      8.678556      5.230187
   24060      8.471160      5.219211
   24080      8.559529      5.210725
   24100      8.535043      5.213119
   24120      8.507334      5.214633
   24140      8.499287      5.232094
   24160      8.501568      5.225642
   24180      8.543745      5.226222
   24200      8.565481      5.221426
   24220      8.646898      5.228178
   24240      8.427937      5.238672
   24260      8.550916      5.230775
   24280      8.722911      5.246532
   24300      8.466939      5.245101
   24320      8.598094      5.257019
   24340      8.741718      5.257971
   24360      8.582109      5.248573
   24380      8.634220      5.247430
   24400      8.628404      5.255391
   24420      8.615661      5.264520
   24440      8.811077      5.264392
   24460      8.698565      5.270414
   24480      8.618707      5.275944
   24500      8.707118      5.270880
   24520      8.689966      5.276126
   24540      8.943963      5.278029
   24560      8.608119      5.303927
   24580      8.967064      5.303433
   24600      8.926831      5.290684
   24620      8.832058      5.299986
   24640      8.521137      5.314946
   24660      8.966259      5.293065
   24680      8.756930      5.284529
   24700      8.413328      5.285449
   24720      8.751330      5.290713
   24740      8.828137      5.280357
   24760      8.961874      5.310941
   24780      8.856633      5.303595
   24800      8.784065      5.299463
   24820      8.842996      5.298384
   24840      8.731151      5.308355
   24860      8.841476      5.309247
   24880      8.641944      5.302542
   24900      8.531936      5.297483
   24920      8.547029      5.301443
   24940      8.621252      5.290543
   24960      8.733490      5.300393
   24980      8.706696      5.301667
   25000      8.790104      5.295843
   25020      8.754654      5.284307
   25040      8.821283      5.294210
   25060      8.644079      5.294550
   25080      8.439423      5.274453
   25100      8.579280      5.260375
   25120      7.337947      5.219015
   25140      6.714336      5.227516
   25160      6.968245      5.199437
   25180      7.015207      5.214261
   25200      6.844475      5.207264
   25220      6.897151      5.219157
   25240      7.023590      5.219527
   25260      7.066873      5.223657
   25280      7.355922      5.209908
   25300      7.452402      5.203072
   25320      7.252012      5.211902
   25340      7.081500      5.226532
   25360      7.172071      5.223734
   25380      7.200481      5.219574
   25400      7.150124      5.215924
   25420      7.124568      5.217054
   25440      7.445766      5.236366
   25460      7.290437      5.239266
   25480      7.127676      5.239814
   25500      7.270349      5.234918
   25520      7.167347      5.234639
   25540      7.016749      5.235033
   25560      6.873916      5.222491
   25580      7.160251      5.211964
   25600      7.000424      5.222215
   25620      7.075127      5.216026
   25640      7.246919      5.211843
   25660      7.035738      5.215121
   25680      7.056194      5.221533
   25700      7.273777      5.211380
   25720      6.844611      5.213202
   25740      7.159720      5.211601
   25760      7.089162      5.218211
   25780      7.007729      5.232569
   25800      7.340944      5.248341
   25820      7.321316      5.226337
   25840      7.475913      5.244658
   25860      7.041976      5.244408
   25880      7.183805      5.245543
   25900      7.093568      5.264195
   25920      7.176017      5.267294
   25940      7.014809      5.258596
   25960      7.272767      5.252227
   25980      7.122045      5.239420
   26000      7.218839      5.245850
   26020      7.194808      5.228441
   26040      7.132324      5.233120
   26060      7.248440      5.230197
   26080      7.205937      5.237167
   26100      7.255047      5.227913
   26120      7.365167      5.227831
   26140      7.359593      5.237635
   26160      7.441188      5.241873
   26180      7.339939      5.241122
   26200      7.366458      5.240337
   26220      7.283653      5.240279
   26240      7.166650      5.238287
   26260      7.095013      5.247431
   26280      7.098641      5.251091
   26300      7.232510      5.243205
   26320      7.025672      5.246598
   26340      7.139735      5.243065
   26360      7.047148      5.241471
   26380      6.997722      5.230716
   26400      7.229854      5.235873
   26420      7.098362      5.232812
   26440      6.976186      5.228558
   26460      7.147810      5.221981
   26480      7.364286      5.221361
   26500      7.122626      5.212469
   26520      7.120299      5.222289
   26540      7.251671      5.230365
   26560      7.180436      5.222612
   26580      7.057753      5.219170
   26600      7.133732      5.221739
   26620      7.150888      5.229838
   26640      7.055377      5.228349
   26660      7.114984      5.226936
   26680      7.256092      5.237592
   26700      7.009660      5.244955
   26720      7.094075      5.241935
   26740      7.404771      5.226772
   26760      7.193399      5.237573
   26780      7.429521      5.244908
   26800      7.127756      5.243766
   26820      7.181955      5.242545
   26840      7.286154      5.242634
   26860      7.253092      5.230176
   26880      7.301027      5.231746
   26900      7.236784      5.230734
   26920      7.220268      5.231198
   26940      6.973976      5.231742
   26960      6.998210      5.229279
   26980      7.049898      5.242959
   27000      6.948487      5.248563
   27020      7.115623      5.254295
   27040      7.113416      5.259577
   27060      7.011676      5.256789
   27080      7.033677      5.256648
   27100      7.068746      5.238236
   27120      7.097482      5.231246
   27140      7.221617      5.222528
   27160      7.140315      5.217263
   27180      7.035333      5.206820
   27200      7.046422      5.210361
   27220      7.128072      5.203829
   27240      7.101962      5.210761
   27260      7.151092      5.217582
   27280      7.035477      5.225432
   27300      7.138361      5.218549
   27320      7.020693      5.225341
   27340      7.295086      5.226938
   27360      7.288100      5.211365
   27380      7.265375      5.192618
   27400      7.323209      5.210960
   27420      7.178264      5.213165
   27440      6.853060      5.209707
   27460      6.937876      5.207871
   27480      7.162110      5.209210
   27500      7.052095      5.207146
   27520      7.127500      5.218059
   27540      6.973418      5.211309
   27560      6.999990      5.217224
   27580      7.159430      5.219130
   27600      7.119695      5.218519
   27620      7.064482      5.219498
   27640      7.220463      5.225603
   27660      7.145782      5.230410
   27680      7.201060      5.239705
   27700      6.938859      5.234758
   27720      7.170163      5.245789
   27740      7.129028      5.241466
   27760      6.911040      5.233972
   27780      7.155485      5.232003
   27800      7.231638      5.231518
   27820      7.005017      5.228004
   27840      7.171992      5.235249
   27860      7.293058      5.224291
   27880      7.274088      5.230608
   27900      7.036634      5.235916
   27920      7.204718      5.229918
   27940      7.105944      5.226516
   27960      7.217324      5.221405
   27980      7.104973      5.221604
   28000      7.224743      5.217832
   28020      7.184564      5.218990
   28040      7.271909      5.217464
   28060      7.367200      5.227873
   28080      7.090501      5.226305
   28100      7.216180      5.214010
   28120      7.452184      5.213291
   28140      7.246697      5.233239
   28160      7.048510      5.224960
   28180      7.324933      5.217233
   28200      7.191496      5.214562
   28220      7.230129      5.223546
   28240      7.264202      5.226865
   28260      7.237331      5.235311
   28280      7.331603      5.229385
   28300      7.343354      5.224143
   28320      7.183944      5.226146
   28340      7.253280      5.236457
   28360      7.268903      5.224055
   28380      7.170043      5.223912
   28400      7.227134      5.232749
   28420      7.390298      5.234044
   28440      7.294638      5.232879
   28460      7.151830      5.246479
   28480      7.202692      5.271791
   28500      7.426068      5.274774
   28520      7.256148      5.266836
   28540      7.288681      5.266169
   28560      7.164876      5.260649
   28580      7.265265      5.266362
   28600      7.383108      5.275626
   28620      7.175117      5.268623
   28640      7.233640      5.264498
   28660      7.004675      5.261666
   28680      7.141273      5.253351
   28700      7.197929      5.250183
   28720      7.259785      5.257558
   28740      7.302777      5.257451
   28760      7.299043      5.254814
   28780      7.309719      5.248329
   28800      7.169324      5.253543
   28820      7.145333      5.258449
   28840      7.222933      5.249146
   28860      7.379379      5.254252
   28880      7.365316      5.252512
   28900      7.232791      5.237650
   28920      7.083505      5.249572
   28940      7.514743      5.243949
   28960      7.327999      5.246026
   28980      7.203964      5.245646
   29000      7.369083      5.250476
   29020      7.216189      5.233931
   29040      7.287328      5.235526
   29060      7.189625      5.227880
   29080      7.167326      5.239211
   29100      7.241584      5.253762
   29120      7.064920      5.256530
   29140      7.278252      5.275761
   29160      7.256430      5.272363
   29180      7.355506      5.282807
   29200      7.428890      5.282045
   29220      7.451439      5.280042
   29240      7.138700      5.281017
   29260      7.194570      5.298614
   29280      7.340799      5.292576
   29300      7.245368      5.282002
   29320      7.264910      5.276342
   29340      7.114483      5.281416
   29360      7.251771      5.287277
   29380      7.206141      5.292630
   29400      7.160445      5.293495
   29420      7.029889      5.299902
   29440      7.059053      5.282071
   29460      7.209634      5.297408
   29480      6.920531      5.305602
   29500      7.109408      5.292451
   29520      7.093702      5.304440
   29540      7.104908      5.306316
   29560      7.099287      5.303465
   29580      7.115579      5.296498
   29600      7.056879      5.292548
   29620      7.171518      5.298174
   29640      7.243818      5.306482
   29660      7.192360      5.304645
   29680      7.090152      5.324066
   29700      7.099392      5.315091
   29720      7.042562      5.316006
   29740      6.967725      5.327094
   29760      7.088387      5.320462
   29780      7.076994      5.309551
   29800      7.166739      5.319517
   29820      7.145034      5.312328
   29840      7.225512      5.333183
   29860      7.170854      5.332071
   29880      7.174654      5.335597
   29900      7.205884      5.330607
   29920      7.279257      5.333914
   29940      7.184009      5.322336
   29960      7.274524      5.324369
   29980      7.191176      5.334890
   30000      7.126439      5.327007
