   10000   -147.665733
   10020    -93.622130
   10040   -142.075373
   10060   -130.449611
   10080   -112.405457
   10100   -113.581244
   10120   -120.505223
   10140   -134.779133
   10160   -158.363624
   10180   -136.719370
   10200   -104.199461
   10220   -132.775159
   10240   -159.617846
   10260   -112.722699
   10280   -113.713870
   10300    -89.079112
   10320   -150.301308
   10340   -125.322130
   10360   -144.920183
   10380   -116.786348
   10400   -132.416629
   10420   -106.374694
   10440   -121.293019
   10460   -108.814114
   10480    -98.841419
   10500   -146.460404
   10520   -138.480972
   10540   -100.892194
   10560    -99.941691
   10580   -159.519550
   10600   -155.435695
   10620   -107.464793
   10640    -95.188229
   10660   -148.455106
   10680   -131.974771
   10700   -137.090384
   10720   -107.801819
   10740   -120.382574
   10760   -125.354273
   10780   -112.410768
   10800   -154.850590
   10820   -123.255875
   10840   -104.624401
   10860   -133.110479
   10880   -125.495348
   10900   -153.212686
   10920   -123.091820
   10940   -162.585466
   10960   -116.518460
   10980   -128.924595
   11000    -82.936932
   11020   -139.972814
   11040   -106.026086
   11060   -151.908155
   11080   -128.723567
   11100   -134.780184
   11120   -153.325683
   11140   -134.454864
   11160   -138.244537
   11180   -112.168821
   11200   -110.086757
   11220   -129.117596
   11240   -122.196061
   11260   -118.221971
   11280   -134.417762
   11300   -130.454377
   11320   -110.638117
   11340   -116.155068
   11360   -118.485976
   11380   -101.170311
   11400   -113.767969
   11420   -112.195077
   11440   -130.291611
   11460   -161.215571
   11480   -105.021075
   11500   -152.426893
   11520   -121.918720
   11540   -125.862954
   11560   -141.156468
   11580   -147.980447
   11600   -106.409970
   11620   -105.284336
   11640   -125.691733
   11660   -143.198406
   11680   -119.531347
   11700    -94.318903
   11720    -91.227518
   11740   -104.052912
   11760   -151.613528
   11780   -114.585671
   11800   -128.195236
   11820   -123.376897
   11840    -88.787031
   11860   -112.019498
   11880   -144.212947
   11900   -169.256409
   11920   -149.470956
   11940   -163.866658
   11960   -120.600367
   11980   -134.464749
   12000   -132.325534
   12020   -109.463152
   12040   -121.558953
   12060   -118.986922
   12080   -141.537127
   12100   -128.784792
   12120   -131.138046
   12140   -117.705208
   12160   -105.083979
   12180   -133.457886
   12200    -94.644317
   12220   -117.203373
   12240   -114.655669
   12260   -136.686241
   12280   -117.294515
   12300   -113.966885
   12320   -150.981830
   12340   -143.440017
   12360   -109.351923
   12380   -145.069249
   12400   -126.709997
   12420   -127.210554
   12440   -118.114725
   12460   -129.798134
   12480   -147.042758
   12500   -114.967375
   12520   -158.734921
   12540   -138.103728
   12560   -159.629649
   12580   -131.578498
   12600   -128.056616
   12620   -110.992814
   12640   -124.050982
   12660   -153.888019
   12680   -141.392735
   12700   -131.095778
   12720   -121.022373
   12740    -71.956224
   12760   -124.619410
   12780   -135.431332
   12800   -119.147044
   12820   -120.888431
   12840    -98.602485
   12860   -110.715904
   12880   -134.609509
   12900   -102.968733
   12920   -161.438527
   12940   -115.599681
   12960   -127.409837
   12980   -141.829657
   13000   -121.904884
   13020   -138.679410
   13040   -124.173852
   13060   -119.413697
   13080   -140.958538
   13100   -132.585547
   13120   -157.358803
   13140   -116.073721
   13160   -127.139500
   13180   -141.421896
   13200   -145.449241
   13220   -119.359728
   13240   -112.730711
   13260   -135.916561
   13280   -143.844369
   13300    -92.688959
   13320   -106.181193
   13340   -132.446289
   13360    -84.332856
   13380   -126.444898
   13400   -157.739694
   13420   -105.567445
   13440   -129.226575
   13460   -114.645270
   13480   -137.882179
   13500   -136.238658
   13520   -158.892004
   13540   -126.655743
   13560    -78.302698
   13580   -105.457951
   13600    -97.891383
   13620    -79.327152
   13640   -143.689088
   13660   -138.712010
   13680   -142.858521
   13700    -98.102420
   13720   -129.736713
   13740   -107.553327
   13760   -138.258190
   13780   -126.466054
   13800   -115.825993
   13820   -117.111934
   13840   -107.345994
   13860    -86.584804
   13880    -95.649350
   13900   -106.629065
   13920   -144.565800
   13940   -146.818036
   13960   -126.356702
   13980   -134.204524
   14000   -115.927502
   14020   -143.776192
   14040   -139.809258
   14060   -130.112250
   14080   -154.105974
   14100   -125.635466
   14120   -106.182058
   14140   -108.108265
   14160   -109.422817
   14180   -151.030605
   14200   -140.793623
   14220   -119.446735
   14240   -129.708936
   14260   -126.441184
   14280    -95.763596
   14300   -139.461622
   14320   -113.644898
   14340   -154.589723
   14360   -126.888788
   14380   -152.571458
   14400   -142.486880
   14420   -134.615479
   14440    -88.728470
   14460   -135.902889
   14480    -69.982136
   14500   -122.104732
   14520   -130.464844
   14540   -116.099227
   14560   -135.025634
   14580   -142.691789
   14600   -129.808888
   14620   -117.232839
   14640   -145.796196
   14660   -115.037228
   14680   -122.877546
   14700   -136.342592
   14720   -137.890570
   14740   -140.527601
   14760   -136.467431
   14780   -125.956056
   14800   -119.941930
   14820   -115.968663
   14840   -108.349555
   14860   -130.416938
   14880   -139.288759
   14900   -177.067417
   14920   -125.731283
   14940   -132.128183
   14960   -150.818635
   14980   -142.658802
   15000   -115.903754
   15020   -142.682377
   15040   -136.254940
   15060   -119.854809
   15080   -123.164898
   15100   -114.454199
   15120   -128.126772
   15140   -138.799218
   15160   -121.699704
   15180   -150.865564
   15200   -123.284256
   15220   -157.164244
   15240    -95.196580
   15260   -121.673105
   15280   -148.470636
   15300   -121.958217
   15320    -92.832843
   15340   -127.314726
   15360   -132.224059
   15380   -103.547831
   15400   -126.501494
   15420   -145.968381
   15440   -109.212604
   15460   -127.882952
   15480   -148.576871
   15500   -121.466040
   15520   -114.140600
   15540   -149.273348
   15560   -124.447417
   15580   -155.269961
   15600   -139.719626
   15620   -145.579727
   15640   -125.189152
   15660   -114.869878
   15680   -140.544179
   15700   -125.348937
   15720   -147.310572
   15740    -92.795032
   15760   -133.937043
   15780    -88.332517
   15800   -140.810340
   15820   -108.601291
   15840   -102.978769
   15860   -127.307638
   15880   -124.475270
   15900   -134.790187
   15920    -96.576242
   15940   -137.860507
   15960   -120.020103
   15980   -107.587732
   16000   -103.678465
   16020    -91.071678
   16040   -117.385535
   16060   -112.117824
   16080   -116.764292
   16100   -114.984841
   16120   -130.731418
   16140   -168.018001
   16160   -129.932748
   16180   -126.174400
   16200   -114.813213
   16220   -128.487564
   16240   -121.717008
   16260   -141.785714
   16280   -100.055059
   16300   -134.297182
   16320   -110.456246
   16340   -112.036237
   16360   -115.999198
   16380   -124.692110
   16400   -119.648508
   16420   -105.076525
   16440   -162.165603
   16460   -113.882269
   16480   -121.044301
   16500   -140.779567
   16520   -101.763790
   16540   -112.257395
   16560   -105.462575
   16580   -130.635277
   16600   -119.517719
   16620   -116.617247
   16640   -111.430458
   16660   -133.898202
   16680   -115.659942
   16700   -150.244488
   16720   -111.786166
   16740   -112.646351
   16760   -103.756789
   16780   -121.105028
   16800   -137.012885
   16820   -128.854472
   16840   -145.206117
   16860   -140.697823
   16880   -118.277645
   16900   -100.879742
   16920   -150.610409
   16940   -125.430923
   16960   -100.479670
   16980   -125.766338
   17000   -117.595302
   17020   -127.607457
   17040   -149.372724
   17060   -127.978052
   17080   -128.084524
   17100   -132.607865
   17120   -103.348633
   17140   -114.884310
   17160    -99.628057
   17180   -121.382371
   17200   -119.175892
   17220   -142.726698
   17240   -151.926534
   17260   -104.440968
   17280   -114.681547
   17300    -87.217860
   17320    -89.807710
   17340   -114.401712
   17360   -124.247404
   17380   -126.971144
   17400   -115.818979
   17420    -96.486145
   17440   -150.320088
   17460   -141.536299
   17480    -83.996022
   17500   -117.223260
   17520   -144.847827
   17540   -114.852050
   17560   -105.188372
   17580    -95.523958
   17600   -143.985013
   17620   -125.893410
   17640   -133.729739
   17660   -129.227930
   17680   -140.094996
   17700    -89.349548
   17720   -120.635292
   17740    -80.363403
   17760   -155.078151
   17780   -130.226287
   17800   -104.759000
   17820   -125.210609
   17840   -134.841420
   17860   -137.903973
   17880   -165.631154
   17900   -131.537877
   17920   -135.414740
   17940   -116.144864
   17960   -111.657323
   17980   -130.780108
   18000   -107.641596
   18020   -135.386934
   18040   -106.234762
   18060   -112.786603
   18080    -91.430186
   18100   -133.807066
   18120    -85.487781
   18140   -122.011831
   18160   -145.670380
   18180   -141.511806
   18200   -155.543509
   18220    -92.809572
   18240   -104.419224
   18260   -134.034839
   18280   -119.672593
   18300   -115.338141
   18320   -133.577895
   18340   -112.739345
   18360   -113.874549
   18380   -148.782569
   18400   -142.263980
   18420    -94.788455
   18440   -132.094695
   18460   -130.609218
   18480   -130.022609
   18500    -95.179994
   18520   -155.565940
   18540   -155.467066
   18560   -148.465656
   18580    -94.744973
   18600   -129.054111
   18620   -110.948789
   18640   -142.875535
   18660    -99.653577
   18680   -128.340470
   18700   -137.378387
   18720   -116.732845
   18740    -99.715790
   18760   -123.561446
   18780   -118.598297
   18800   -157.816215
   18820   -111.101488
   18840   -141.360467
   18860   -113.984198
   18880   -119.609099
   18900   -128.932859
   18920   -123.137282
   18940   -131.571375
   18960   -133.285472
   18980   -171.342264
   19000   -135.569347
   19020   -135.574350
   19040   -142.546355
   19060   -115.203363
   19080   -113.049554
   19100   -115.236551
   19120   -125.445827
   19140   -138.393190
   19160   -136.180815
   19180   -103.964412
   19200   -120.671836
   19220   -126.538067
   19240   -120.357322
   19260   -112.390389
   19280   -131.344384
   19300   -142.911020
   19320   -120.910490
   19340   -119.164797
   19360   -125.998193
   19380   -128.212432
   19400   -117.346279
   19420   -107.496187
   19440   -124.564652
   19460   -106.596632
   19480   -133.324682
   19500   -124.978123
   19520   -164.312368
   19540   -130.724659
   19560    -85.590473
   19580   -101.382801
   19600   -106.392647
   19620   -149.796384
   19640   -115.015504
   19660   -128.285789
   19680   -107.943739
   19700    -88.797244
   19720   -141.663486
   19740   -115.997657
   19760   -108.924911
   19780   -136.496647
   19800    -91.486857
   19820   -106.090845
   19840    -77.393969
   19860    -96.591022
   19880   -126.815845
   19900   -145.940881
   19920   -115.002554
   19940   -130.923095
   19960   -150.654669
   19980   -122.408557
   20000   -132.844264
   20020   -128.760643
   20040   -140.264637
   20060   -121.452913
   20080   -103.240691
   20100   -105.879706
   20120   -125.309930
   20140   -117.555468
   20160    -92.803879
   20180   -121.867722
   20200    -96.198378
   20220   -140.553258
   20240   -126.066894
   20260   -122.798491
   20280   -131.012255
   20300   -152.984317
   20320   -143.446719
   20340   -139.745495
   20360   -102.546709
   20380   -102.041476
   20400   -140.503338
   20420   -129.430934
   20440   -108.533558
   20460   -135.579249
   20480   -143.711130
   20500   -146.204351
   20520   -144.607828
   20540   -120.727881
   20560   -109.484191
   20580   -134.137776
   20600   -130.299124
   20620   -136.596488
   20640   -125.596377
   20660    -98.963072
   20680   -138.147583
   20700   -107.990961
   20720   -108.579094
   20740   -123.032825
   20760   -118.682095
   20780   -110.518243
   20800   -132.157279
   20820   -125.547986
   20840   -121.159075
   20860   -148.688451
   20880   -121.841801
   20900   -131.530689
   20920   -112.641661
   20940   -149.825233
   20960   -145.720627
   20980   -108.170279
   21000   -152.604556
   21020   -140.799921
   21040   -116.236861
   21060   -159.469686
   21080   -116.867325
   21100   -161.749341
   21120    -89.028771
   21140   -154.918305
   21160    -88.372617
   21180   -101.650504
   21200   -123.959792
   21220   -112.739527
   21240   -127.419947
   21260   -111.675017
   21280   -135.775069
   21300   -126.679154
   21320   -107.381676
   21340   -109.678582
   21360   -159.229300
   21380   -127.949481
   21400   -120.037528
   21420   -164.442944
   21440   -130.095228
   21460   -138.886114
   21480   -140.683794
   21500   -112.833723
   21520   -119.902541
   21540   -116.564960
   21560   -128.077607
   21580    -97.339936
   21600   -129.564993
   21620   -131.971807
   21640   -130.783681
   21660   -143.192132
   21680   -125.565677
   21700   -133.501943
   21720   -111.378516
   21740   -135.750381
   21760   -147.996207
   21780   -124.469005
   21800   -105.389057
   21820    -99.622170
   21840   -129.758217
   21860    -93.331146
   21880   -139.009121
   21900   -125.666577
   21920   -117.506895
   21940   -144.055278
   21960   -127.395030
   21980   -124.085112
   22000   -109.976683
   22020    -95.813046
   22040   -147.102647
   22060   -122.002446
   22080   -125.849393
   22100   -117.505596
   22120   -123.241548
   22140   -103.180968
   22160   -107.851767
   22180   -137.714689
   22200   -104.544106
   22220   -132.022961
   22240   -111.320780
   22260   -142.180464
   22280   -139.439408
   22300   -130.178454
   22320   -118.679219
   22340   -111.998800
   22360   -166.171414
   22380   -139.679669
   22400   -144.624073
   22420   -138.296151
   22440   -106.485112
   22460   -142.459730
   22480   -126.318231
   22500   -123.968967
   22520   -120.334711
   22540   -108.053643
   22560    -98.053036
   22580   -126.788983
   22600   -115.187346
   22620   -119.141604
   22640   -127.987005
   22660   -121.303988
   22680   -111.866347
   22700   -146.742843
   22720   -114.715901
   22740   -157.591170
   22760   -100.607781
   22780    -99.675876
   22800   -125.539054
   22820   -124.142786
   22840   -106.415454
   22860   -112.975631
   22880   -105.773899
   22900   -133.509637
   22920   -157.007310
   22940   -134.756894
   22960   -148.525965
   22980   -131.981228
   23000   -153.440623
   23020   -104.930096
   23040   -132.176676
   23060   -156.359572
   23080   -100.075340
   23100   -132.637580
   23120   -127.808373
   23140   -104.594024
   23160   -112.372000
   23180   -147.716430
   23200    -92.552009
   23220   -148.324328
   23240   -145.474371
   23260   -118.984462
   23280    -99.260853
   23300   -132.375833
   23320    -98.565774
   23340   -109.472562
   23360   -103.538985
   23380   -136.235278
   23400   -139.370204
   23420   -128.015754
   23440   -118.274227
   23460   -151.941148
   23480   -128.257811
   23500   -142.938528
   23520   -141.818890
   23540   -142.653375
   23560   -114.092164
   23580   -167.798991
   23600   -113.398700
   23620   -128.396124
   23640   -135.288501
   23660   -114.957323
   23680   -164.299564
   23700   -111.468512
   23720   -145.010524
   23740   -122.239569
   23760    -81.356584
   23780   -106.020278
   23800   -130.719582
   23820   -127.572940
   23840   -125.730959
   23860    -91.356873
   23880   -102.769686
   23900   -179.587462
   23920   -116.232018
   23940   -113.340603
   23960   -129.900466
   23980   -114.587809
   24000   -137.781686
   24020   -112.553039
   24040   -162.658052
   24060   -130.454883
   24080   -123.131658
   24100   -124.474945
   24120   -126.967313
   24140   -139.401802
   24160    -95.762969
   24180   -116.411763
   24200   -119.426334
   24220   -114.039261
   24240   -109.443375
   24260   -130.194598
   24280   -127.063139
   24300   -106.156294
   24320   -133.980701
   24340    -79.902632
   24360    -95.639814
   24380   -137.885178
   24400   -129.687669
   24420   -128.736691
   24440   -124.198442
   24460   -118.300786
   24480    -98.218862
   24500   -107.943761
   24520   -117.697418
   24540   -130.973859
   24560   -134.786189
   24580   -117.856959
   24600   -108.578622
   24620   -170.883173
   24640   -115.624143
   24660   -158.359304
   24680    -96.537258
   24700    -97.648451
   24720   -103.929092
   24740    -88.435549
   24760   -135.891991
   24780   -134.489132
   24800   -130.396151
   24820   -126.599006
   24840   -114.627087
   24860   -117.870995
   24880   -142.661744
   24900   -149.654389
   24920   -143.020613
   24940   -125.991209
   24960   -125.320139
   24980   -141.690878
   25000   -160.211527
   25020   -144.426650
   25040   -152.168699
   25060   -126.339549
   25080   -132.254257
   25100   -100.607491
   25120   -120.186978
   25140   -128.213042
   25160    -89.212295
   25180   -105.213795
   25200   -105.268676
   25220   -102.544365
   25240   -104.685775
   25260   -115.321672
   25280   -140.267890
   25300   -134.441543
   25320   -120.789913
   25340   -140.375697
   25360    -86.234472
   25380   -116.206726
   25400   -149.142441
   25420   -106.317833
   25440    -96.027994
   25460   -124.578874
   25480   -128.816348
   25500   -124.986979
   25520   -119.280306
   25540   -146.064169
   25560   -127.789548
   25580   -114.791290
   25600   -129.201009
   25620   -121.539165
   25640   -109.500191
   25660   -130.099711
   25680   -145.530485
   25700   -109.257487
   25720    -81.242241
   25740   -154.222512
   25760   -124.251126
   25780   -128.540226
   25800   -128.621732
   25820   -149.789134
   25840   -125.800898
   25860   -109.463762
   25880   -126.503887
   25900   -106.008481
   25920   -109.418847
   25940   -133.625139
   25960   -104.708239
   25980   -112.649262
   26000   -127.184899
   26020   -162.001145
   26040   -119.546246
   26060   -116.180409
   26080   -111.044050
   26100   -115.258877
   26120    -99.849160
   26140   -114.007618
   26160    -99.678365
   26180   -140.556820
   26200   -141.550568
   26220   -143.486610
   26240   -122.430396
   26260    -96.952840
   26280   -124.745030
   26300   -140.751086
   26320   -141.381820
   26340    -94.498711
   26360   -119.091267
   26380    -97.845144
   26400   -129.497851
   26420   -110.927790
   26440   -114.343874
   26460    -96.967611
   26480   -100.622278
   26500   -103.259243
   26520   -142.086337
   26540   -137.118297
   26560   -133.849703
   26580   -131.252380
   26600   -120.996152
   26620    -84.484749
   26640   -130.565526
   26660   -110.204892
   26680   -134.576741
   26700   -122.020701
   26720   -110.049225
   26740   -165.047149
   26760   -106.186618
   26780   -137.255320
   26800    -96.388759
   26820   -135.235099
   26840   -103.592367
   26860   -149.075938
   26880   -152.013483
   26900   -148.585780
   26920   -128.097287
   26940   -124.162928
   26960   -108.641136
   26980   -113.740832
   27000   -110.501600
   27020    -75.924603
   27040   -122.265505
   27060   -141.065819
   27080   -132.395360
   27100   -126.678848
   27120   -108.911535
   27140   -123.945149
   27160   -112.234897
   27180   -119.994808
   27200   -149.685969
   27220   -129.609636
   27240   -122.576134
   27260   -136.359495
   27280   -163.870959
   27300   -134.338960
   27320   -100.318639
   27340   -129.778486
   27360   -117.418780
   27380   -121.382280
   27400   -150.876469
   27420   -139.343109
   27440    -66.070692
   27460   -127.480955
   27480   -116.008533
   27500   -142.535366
   27520   -136.767271
   27540   -132.713663
   27560   -100.038785
   27580   -123.070067
   27600   -111.401442
   27620   -152.506783
   27640   -132.193023
   27660   -131.775253
   27680   -133.432504
   27700   -131.932989
   27720   -121.255604
   27740   -105.288917
   27760   -130.733224
   27780   -132.181588
   27800   -117.944736
   27820   -130.509718
   27840   -133.835907
   27860   -124.658041
   27880   -135.871059
   27900   -134.529467
   27920   -131.923005
   27940   -131.165858
   27960   -116.487734
   27980    -74.534122
   28000   -128.504516
   28020   -113.083772
   28040   -128.438265
   28060   -124.129903
   28080   -137.355514
   28100   -134.044807
   28120    -89.638683
   28140   -155.558043
   28160   -155.873526
   28180   -147.969208
   28200   -147.391581
   28220   -137.519798
   28240   -119.683135
   28260   -139.635616
   28280   -106.972531
   28300    -88.861569
   28320   -124.099069
   28340   -151.446984
   28360   -127.164640
   28380   -123.418989
   28400   -127.292980
   28420   -121.274852
   28440   -138.218894
   28460    -90.415940
   28480    -95.364194
   28500   -156.336981
   28520   -131.763054
   28540   -118.466865
   28560   -154.222953
   28580   -112.362960
   28600   -118.542107
   28620    -99.287490
   28640   -147.329809
   28660   -146.147387
   28680   -133.753580
   28700   -137.189641
   28720   -131.554845
   28740   -134.201084
   28760   -107.292751
   28780   -103.279702
   28800   -137.463342
   28820   -127.172245
   28840   -111.336352
   28860   -138.975771
   28880   -113.460357
   28900   -125.747159
   28920   -104.972293
   28940   -128.272828
   28960   -108.493271
   28980   -105.156254
   29000    -99.241862
   29020   -167.822875
   29040   -134.801410
   29060   -130.190968
   29080   -117.889166
   29100   -148.810131
   29120   -124.637685
   29140   -118.879468
   29160   -108.722605
   29180   -138.166481
   29200   -162.942731
   29220   -133.263344
   29240   -135.217821
   29260   -148.894794
   29280   -120.422309
   29300   -105.017755
   29320   -134.392096
   29340    -98.051824
   29360   -123.681047
   29380   -132.280194
   29400   -121.471140
   29420   -138.798967
   29440   -132.918538
   29460   -118.286142
   29480   -115.225205
   29500   -113.719183
   29520   -113.703256
   29540    -89.178662
   29560   -121.543356
   29580    -96.825780
   29600   -141.957662
   29620   -147.387000
   29640   -132.666912
   29660   -128.311318
   29680    -95.495810
   29700   -133.867699
   29720    -94.136339
   29740    -91.700506
   29760   -138.379026
   29780   -118.301563
   29800   -118.055279
   29820   -140.933718
   29840   -111.972055
   29860   -145.343208
   29880   -135.651457
   29900   -121.582752
   29920    -86.630209
   29940   -145.211511
   29960   -145.387608
   29980   -121.265844
   30000   -154.604732
