   10000    137.686946     42.587934
   10020    150.196522     44.354761
   10040    141.064833     43.694278
   10060    159.566354     46.335528
   10080    135.441465     42.928105
   10100    133.937938     41.313369
   10120    158.501236     45.925249
   10140    155.478849     45.872494
   10160    115.375341     38.551368
   10180    153.430515     45.085034
   10200    158.902033     46.232516
   10220    149.169309     44.356010
   10240    156.063881     45.953515
   10260    153.863259     45.410985
   10280    147.888901     44.179005
   10300    160.308092     46.528794
   10320    155.926406     45.043062
   10340    157.242281     45.910383
   10360    159.699931     46.195980
   10380    157.816082     45.701319
   10400    148.960849     45.334672
   10420    158.934392     46.062037
   10440    158.869360     46.140977
   10460    135.775160     43.019187
   10480    155.345657     45.774540
   10500    139.982891     43.646672
   10520    153.684080     44.619726
   10540    152.364190     45.300915
   10560    144.575331     43.606502
   10580    156.676103     45.585895
   10600    144.347450     44.109629
   10620    153.688008     44.655489
   10640    133.409608     43.327379
   10660    152.280503     45.496517
   10680    109.956396     37.653295
   10700    146.224543     44.332719
   10720    154.496498     44.904022
   10740    154.124139     45.767177
   10760    142.234208     43.429903
   10780    144.835595     43.264297
   10800    155.880363     45.968836
   10820    149.996437     44.731619
   10840    140.238983     42.792187
   10860    154.206773     45.284954
   10880    151.186044     45.610810
   10900    157.011063     45.707391
   10920    152.201385     45.218588
   10940    136.303189     41.916106
   10960    153.316067     45.189440
   10980    158.177993     46.033368
   11000    144.362941     44.582533
   11020    158.349102     45.816150
   11040    131.100716     41.241293
   11060    155.336329     44.985088
   11080    151.846715     44.928895
   11100    102.745176     37.811088
   11120    153.358600     44.260956
   11140    140.284052     43.788285
   11160    155.322418     45.220087
   11180    154.611136     45.122779
   11200    133.389927     41.534029
   11220    140.435020     42.506527
   11240    155.833790     45.211576
   11260    159.213966     46.232527
   11280    156.154132     45.498593
   11300    136.505954     43.269033
   11320    147.242121     44.294840
   11340    145.039307     44.315825
   11360    157.810293     46.027887
   11380    153.731783     44.867799
   11400    147.702761     44.136630
   11420    148.616631     44.170843
   11440    133.023203     41.280667
   11460    158.084220     45.922622
   11480    133.784388     42.651667
   11500    156.246848     46.066001
   11520    140.612468     44.399813
   11540    151.654308     44.457583
   11560    152.614572     44.451252
   11580    157.043305     45.630550
   11600    157.740485     45.976451
   11620    154.197895     45.237810
   11640    153.424005     45.764289
   11660    126.776047     41.234216
   11680    149.913958     45.392574
   11700    153.641501     45.050591
   11720    139.389378     43.907908
   11740    155.612018     45.689209
   11760    148.532144     44.616698
   11780    152.156490     45.526093
   11800    153.768507     45.104339
   11820    152.829821     45.478019
   11840    150.602779     44.945405
   11860    134.251390     41.981985
   11880    119.334275     41.153179
   11900    135.561548     43.096969
   11920    156.693268     45.969548
   11940    155.437777     45.771466
   11960    150.253217     44.081280
   11980    152.669556     45.134424
   12000    156.848165     45.929269
   12020    149.686156     44.916364
   12040    158.009551     45.982950
   12060    154.919522     45.890722
   12080    150.071626     43.906367
   12100    149.409079     44.046684
   12120    145.450017     43.631089
   12140    158.159278     46.356152
   12160    156.902881     45.764957
   12180    145.965620     44.822877
   12200    149.430820     45.578922
   12220    156.909151     45.592793
   12240    150.671563     44.295910
   12260    133.378574     39.543232
   12280    149.099001     43.378233
   12300    151.835522     45.247093
   12320    158.720945     46.271620
   12340    150.988769     44.712127
   12360    154.416880     45.413515
   12380    151.465796     45.140783
   12400    157.753135     46.147757
   12420    123.452486     41.856604
   12440    141.462841     42.808574
   12460    149.948055     43.727135
   12480    152.333774     45.168084
   12500    157.125025     46.162029
   12520    153.111098     45.340997
   12540    160.562611     46.409247
   12560    141.232190     43.371295
   12580    154.977905     45.217463
   12600    130.635406     42.737782
   12620    141.470982     43.014712
   12640    153.710835     45.702001
   12660    142.979391     42.495576
   12680    149.913887     44.046341
   12700    154.736345     45.803283
   12720    107.257594     36.584158
   12740    157.415322     45.760488
   12760    157.114703     46.332996
   12780    148.407745     44.604574
   12800    154.911328     45.384531
   12820    144.094458     43.855537
   12840    149.383757     45.013140
   12860    121.946576     40.121324
   12880    114.374843     40.149142
   12900    136.444814     42.703897
   12920    160.332770     46.616148
   12940    134.675670     42.461119
   12960    138.001618     41.983515
   12980    157.171786     45.377326
   13000    152.671609     45.005651
   13020    157.074957     45.514628
   13040    150.742861     44.286634
   13060    136.703534     43.121818
   13080    149.412002     45.030408
   13100    146.056135     44.205409
   13120    143.581350     43.885701
   13140    135.265972     43.007502
   13160    123.248862     40.488899
   13180    145.531348     45.074686
   13200    157.178434     46.115503
   13220    159.460969     46.238185
   13240    145.425073     44.453542
   13260    151.457220     45.249646
   13280    148.689755     44.459624
   13300    157.020379     45.497498
   13320    158.171941     46.131570
   13340    151.238132     44.545582
   13360    151.831030     44.761731
   13380    143.794654     44.417077
   13400    150.990155     44.342267
   13420    141.253822     42.968863
   13440    131.617189     42.922227
   13460    151.844618     44.775516
   13480    134.707844     42.930103
   13500     79.867683     34.158275
   13520    142.394078     43.121152
   13540    139.142505     42.976907
   13560    151.081199     44.965874
   13580    151.420688     45.020210
   13600    149.909724     44.890312
   13620    144.746997     43.502269
   13640    133.971437     42.900428
   13660    154.137698     45.316337
   13680    150.636579     44.392290
   13700    145.637174     44.173553
   13720    126.455891     40.926231
   13740    146.792977     43.544970
   13760    146.237170     44.118901
   13780    155.539167     45.757097
   13800    139.086268     43.430736
   13820    144.786741     43.738339
   13840    154.294621     45.881830
   13860    131.945969     40.172931
   13880    126.972670     39.570026
   13900    153.723164     45.296331
   13920    123.402702     41.822866
   13940    159.699880     46.399133
   13960    153.532926     45.006464
   13980    129.153783     41.921233
   14000    158.472534     46.011448
   14020    139.239907     43.381171
   14040    154.064096     45.682926
   14060    138.625463     43.713010
   14080    144.119936     42.954077
   14100    153.970687     45.198666
   14120    133.130459     43.126777
   14140    150.288457     44.452876
   14160    139.681730     42.673143
   14180    158.058626     45.732212
   14200    155.810656     46.078776
   14220    126.747480     41.362093
   14240    150.117835     43.908518
   14260    147.740775     44.260052
   14280    129.472057     40.784702
   14300    131.228352     42.470565
   14320    153.845311     45.025455
   14340    139.435018     44.263318
   14360    157.907188     46.503597
   14380    139.570887     42.243519
   14400    153.745835     45.613127
   14420    157.733985     45.968747
   14440    146.629569     43.918920
   14460    147.621602     44.406274
   14480    148.379883     45.375884
   14500    136.869238     42.456063
   14520    150.592066     44.952599
   14540    136.313212     43.518810
   14560    155.906130     45.775220
   14580    149.984322     44.685987
   14600    151.444562     45.054222
   14620    157.222606     46.205333
   14640    156.130287     45.490122
   14660    148.660883     45.346906
   14680    132.151660     41.760413
   14700    150.635766     44.739396
   14720    151.630535     44.940022
   14740    147.116022     44.907567
   14760    132.272685     42.080380
   14780    149.063085     44.121925
   14800    158.613536     46.340051
   14820    151.649618     44.035357
   14840    150.112868     44.269781
   14860    157.608467     46.567374
   14880    143.172756     44.020855
   14900    155.665630     45.604213
   14920    144.122704     43.368912
   14940    159.346480     46.410254
   14960    148.172154     45.011210
   14980    142.796265     44.160087
   15000    117.881349     40.877078
   15020    130.418718     43.234083
   15040    158.760316     46.320373
   15060    153.655669     45.343982
   15080    156.803714     45.709980
   15100    125.845126     39.683248
   15120    153.694186     45.729163
   15140    109.055320     39.285720
   15160    127.671391     40.394797
   15180    153.660491     45.459943
   15200    158.837359     46.386386
   15220    144.093341     44.523275
   15240    155.155121     45.626839
   15260    132.787057     40.659559
   15280    148.975127     44.665059
   15300    158.682946     46.254841
   15320    143.673352     43.249920
   15340    150.451336     44.933030
   15360    126.696932     41.709254
   15380    153.311665     44.970019
   15400    149.506304     45.052843
   15420    153.154044     45.347534
   15440    144.859473     43.856508
   15460    151.485961     44.667472
   15480    134.919412     42.965510
   15500    153.011301     44.957708
   15520    150.267276     44.034132
   15540    158.341047     45.996235
   15560    147.582466     43.928723
   15580    149.443680     44.069752
   15600    153.115391     45.186554
   15620    125.837696     42.344141
   15640    154.626361     45.225255
   15660    138.231994     43.744128
   15680    159.679686     46.431018
   15700    126.621649     41.168928
   15720    145.747767     43.060901
   15740    140.573943     42.811140
   15760    155.317634     45.616502
   15780    157.577774     46.036646
   15800    146.757592     44.202388
   15820    153.093749     45.113073
   15840    153.717643     45.145840
   15860    151.860551     45.120936
   15880    153.188237     45.087028
   15900    151.743511     45.706229
   15920    138.967092     43.210701
   15940    150.408499     44.599851
   15960    125.516043     41.508456
   15980    157.297097     45.501611
   16000    121.263936     39.460723
   16020    153.320415     45.876541
   16040    123.658426     40.875071
   16060    134.829356     41.804539
   16080    134.782151     42.596145
   16100    159.269715     46.529906
   16120    139.642778     43.330542
   16140    158.471498     46.171268
   16160    154.293197     45.818675
   16180    138.812553     42.418705
   16200    149.967719     45.514020
   16220    138.053793     43.620515
   16240    154.652718     45.491619
   16260    136.706043     42.137515
   16280    156.160539     45.803077
   16300    141.788904     43.505009
   16320    143.336852     43.975407
   16340    155.766710     45.200778
   16360    155.121056     45.145994
   16380    160.989867     46.531732
   16400    149.396829     45.502465
   16420    154.517491     45.740383
   16440    153.786435     45.453763
   16460    153.281548     44.999241
   16480    137.288645     42.576212
   16500    157.137971     46.088883
   16520    139.455207     42.327150
   16540    153.266836     45.212241
   16560    144.240743     43.931582
   16580    160.041331     46.416915
   16600    151.672846     45.525519
   16620    147.979452     44.123006
   16640    156.592708     46.156812
   16660    153.652174     45.688538
   16680    140.353447     41.985581
   16700    156.295789     45.948815
   16720    148.529176     44.937380
   16740    128.882723     41.095329
   16760    147.674330     44.132973
   16780    157.038629     45.764230
   16800    148.939111     43.129899
   16820    120.579969     38.957251
   16840    157.150250     46.022672
   16860    146.275518     44.384477
   16880    148.420882     45.143981
   16900    112.306404     41.267369
   16920    156.552051     45.797694
   16940    132.084063     42.836597
   16960    155.326649     45.760211
   16980    145.779818     44.006637
   17000    142.139795     43.378564
   17020    149.246338     44.104214
   17040    147.956167     44.032702
   17060    153.452055     44.741140
   17080    138.841214     43.594009
   17100    150.921372     44.679105
   17120    142.133498     43.417605
   17140    147.876464     45.137487
   17160    130.710068     41.189029
   17180    144.045540     42.782584
   17200    132.032918     42.180189
   17220    126.632548     41.304424
   17240    137.139700     43.490879
   17260    151.538338     44.550371
   17280    144.917086     44.448389
   17300    154.360382     45.286826
   17320    156.810938     45.314275
   17340    138.973586     44.494992
   17360    152.146295     45.025126
   17380    150.589492     45.180206
   17400    136.708872     42.929050
   17420    147.678587     43.456949
   17440    156.885308     45.912855
   17460    148.899615     44.721472
   17480    138.687610     42.823093
   17500    127.280349     40.238388
   17520    149.549901     44.284414
   17540    153.607771     45.539260
   17560    151.769547     44.551628
   17580    155.306288     45.471944
   17600    159.899744     46.166069
   17620    155.038265     45.903792
   17640    145.656030     44.060069
   17660    118.240451     40.109458
   17680    159.089566     46.330704
   17700    154.701332     45.180684
   17720    156.874614     45.946635
   17740    154.537340     45.236878
   17760    147.245150     45.390233
   17780    153.701153     45.093232
   17800    158.647916     45.972061
   17820    144.638611     43.788633
   17840    149.709187     44.453168
   17860    155.652647     46.015719
   17880    158.506161     45.987391
   17900    158.742103     46.201863
   17920    154.407478     45.464668
   17940    150.748125     44.673461
   17960    152.044689     45.199706
   17980    154.152486     45.827518
   18000    134.144012     42.023304
   18020    120.607840     40.595254
   18040    139.409750     42.506484
   18060    153.381601     45.427698
   18080    101.468346     37.340428
   18100    123.562141     40.692788
   18120    127.358356     42.118446
   18140    147.526182     44.476474
   18160    151.279009     44.886392
   18180    158.427971     45.824051
   18200    140.758942     42.995028
   18220    156.471674     46.356037
   18240    153.397893     45.800037
   18260    155.890852     45.931969
   18280    120.737081     40.448504
   18300    153.441567     45.535111
   18320    156.012612     45.620854
   18340    155.195806     45.329152
   18360    154.449474     45.460911
   18380    135.663618     41.959844
   18400    155.598601     45.217161
   18420    145.893055     43.395286
   18440    131.569760     42.073317
   18460    135.135506     42.339051
   18480    117.419583     38.945470
   18500    151.851143     45.417791
   18520    136.638619     42.091512
   18540    154.105587     45.421669
   18560    157.767683     46.077604
   18580    153.663231     44.734259
   18600    125.021439     40.898125
   18620    151.797439     44.655755
   18640    156.826208     46.076117
   18660    157.375777     45.706654
   18680    125.784176     41.688883
   18700    159.046746     46.218012
   18720    154.356921     45.624467
   18740    158.264914     46.113103
   18760    155.152065     45.728525
   18780    126.179576     41.937403
   18800    149.672519     45.363352
   18820    137.534622     43.335338
   18840    153.683188     45.350906
   18860    142.890194     43.395636
   18880    153.683090     45.247074
   18900    150.710752     44.610274
   18920    153.906949     45.818169
   18940    153.730909     44.828796
   18960    122.654064     39.963300
   18980    143.665194     44.040968
   19000    150.191538     45.304283
   19020    152.085561     44.640354
   19040    152.895126     45.305209
   19060    131.931909     41.735691
   19080    156.088312     45.884876
   19100    155.565800     45.959432
   19120    139.630249     43.485286
   19140    152.195663     45.384842
   19160    142.212703     42.057667
   19180    152.833530     45.108427
   19200    152.787278     44.916864
   19220    160.873723     46.663861
   19240    156.176872     46.275842
   19260    154.801793     45.681265
   19280    154.309563     45.196708
   19300    150.653762     45.690913
   19320    156.485197     45.874731
   19340    138.883596     44.213153
   19360    144.101031     43.454547
   19380    159.024642     46.110023
   19400    152.060549     45.276603
   19420    153.526056     44.376681
   19440    158.586011     46.497830
   19460    143.616807     44.012547
   19480    154.136622     45.774695
   19500    149.981347     44.797550
   19520    156.611260     45.859694
   19540    152.673923     45.160822
   19560    150.356644     44.060357
   19580    146.471684     44.259872
   19600    154.263588     45.291840
   19620    149.357027     44.645381
   19640    158.390913     46.017776
   19660    155.535261     45.672802
   19680    134.155692     42.731578
   19700    153.893261     45.264192
   19720    159.521038     46.403520
   19740    157.823006     45.975777
   19760    151.058609     45.439567
   19780    151.496906     44.397565
   19800    153.244216     44.717916
   19820    144.616730     43.489266
   19840    155.130240     45.193417
   19860    150.413284     44.865006
   19880    156.151289     45.122543
   19900    134.420396     42.232518
   19920    146.290962     44.884061
   19940    117.441906     40.485631
   19960    152.592857     45.054904
   19980    145.531242     43.837216
   20000    157.501339     46.065443
   20020    146.126671     44.071865
   20040    139.649661     43.767010
   20060    148.983754     44.539965
   20080    129.245315     41.438850
   20100    151.648900     44.198211
   20120    146.152603     42.862013
   20140    133.040236     40.870504
   20160    155.074889     45.551404
   20180    129.168580     41.765297
   20200    148.408211     44.493872
   20220    147.728710     45.044376
   20240    151.252333     44.907890
   20260    141.076292     42.248133
   20280    159.469458     46.442743
   20300    149.140465     45.220211
   20320    149.897015     44.040515
   20340    143.848037     44.854913
   20360    135.177960     42.091117
   20380    158.987894     46.308585
   20400    141.586490     43.793931
   20420    119.925105     38.737155
   20440    145.017844     43.861171
   20460    153.610080     46.149724
   20480    149.569920     44.844542
   20500    142.499436     43.332064
   20520    138.501639     42.796116
   20540    153.850024     44.734311
   20560    115.408288     39.217974
   20580    145.110002     44.011155
   20600    132.839799     41.629905
   20620    153.622519     45.035726
   20640    147.559806     44.890060
   20660    149.909667     44.462256
   20680    145.764878     43.427071
   20700    145.414681     43.566266
   20720    139.688268     42.728893
   20740    146.843973     43.890332
   20760    151.490725     45.008128
   20780    153.180307     45.509696
   20800    150.205897     44.737951
   20820    143.065672     44.178963
   20840    148.477851     44.076169
   20860    158.163125     46.121873
   20880    154.569483     45.794377
   20900    151.540323     45.293995
   20920    158.865803     46.279689
   20940    151.534499     44.974157
   20960    146.159128     44.269119
   20980    146.417926     43.710292
   21000    137.459921     42.952981
   21020    148.774779     44.828495
   21040    154.913029     45.229404
   21060    156.942788     46.006688
   21080    156.265108     45.542441
   21100    159.519355     46.587268
   21120    157.131660     45.586872
   21140    152.896727     44.805674
   21160    154.766138     45.000597
   21180    153.009595     44.453615
   21200    131.996127     42.370630
   21220    154.245566     45.327561
   21240    149.526640     44.789378
   21260    158.015145     46.081365
   21280    134.429592     42.443557
   21300    148.547797     43.930765
   21320    152.574148     44.546909
   21340    152.923201     45.437766
   21360    117.946340     40.772712
   21380    151.816982     44.567316
   21400    157.685881     45.972846
   21420    148.254086     44.784488
   21440    157.432948     45.873524
   21460    153.847915     44.958721
   21480    153.732130     45.547072
   21500    142.299922     42.065235
   21520    148.361810     45.136691
   21540    135.961811     40.510482
   21560    146.579384     44.633932
   21580    146.842099     42.928285
   21600    154.524765     45.693300
   21620     95.423837     36.485777
   21640    146.148127     43.326826
   21660    151.427811     45.188774
   21680    147.116719     43.802787
   21700    155.093652     45.409917
   21720    148.505113     45.083539
   21740    147.744956     44.669542
   21760    124.314287     41.323555
   21780    154.046228     45.032710
   21800    150.534218     44.706338
   21820    155.295472     45.484255
   21840    128.096932     41.449156
   21860    151.954019     44.577565
   21880    157.692234     46.019384
   21900    155.914027     45.969160
   21920    150.314264     45.056598
   21940    143.043897     43.722587
   21960    147.282829     44.298450
   21980    143.696855     43.625176
   22000    120.903795     40.298199
   22020    141.157807     43.244310
   22040    137.275595     42.021734
   22060    119.424199     40.069372
   22080    145.289896     44.846707
   22100    134.671683     41.047070
   22120    150.633161     44.517834
   22140    124.663593     41.588996
   22160    153.106182     44.791863
   22180    130.972228     42.032772
   22200    140.043717     43.277906
   22220    151.218512     44.949662
   22240     90.834831     35.354480
   22260    152.875059     45.209006
   22280    147.019072     43.692537
   22300    158.573451     46.262864
   22320    153.913145     45.746841
   22340    127.760117     40.019378
   22360    157.786815     45.816884
   22380    156.822438     45.843642
   22400    155.294180     45.786203
   22420    150.703283     44.294463
   22440    129.821937     40.434301
   22460    129.871330     41.785099
   22480    151.332848     44.632365
   22500    145.587460     44.426658
   22520    155.162035     45.916130
   22540    156.786679     46.133271
   22560    140.908212     42.765645
   22580    145.835145     43.235803
   22600    144.618865     44.607420
   22620    151.106518     44.396559
   22640    151.816091     45.292965
   22660    131.814454     41.597580
   22680    147.773580     44.754862
   22700    152.934689     45.379636
   22720    148.736599     44.585431
   22740    158.695179     45.937498
   22760    154.678013     45.262377
   22780    117.791942     39.590536
   22800    156.167811     45.190202
   22820    155.308722     45.343972
   22840    156.958341     45.997941
   22860    150.869582     44.842819
   22880    154.931255     45.622718
   22900    155.853650     45.388010
   22920    154.194400     45.576171
   22940    160.578947     46.426638
   22960    140.425994     44.783053
   22980    155.514714     45.838975
   23000    157.142383     45.752752
   23020    157.799028     46.104136
   23040    138.412598     43.518868
   23060    134.287020     41.804603
   23080    156.594926     45.969063
   23100    144.766644     44.339546
   23120    115.182591     39.705914
   23140    155.507767     45.567089
   23160    134.251486     42.352154
   23180    151.807360     44.834111
   23200    151.280958     45.404046
   23220    156.297994     45.720734
   23240    156.124847     45.581236
   23260    139.623397     43.548360
   23280    158.447115     46.231818
   23300    116.965892     39.140110
   23320    153.437395     45.173386
   23340    155.062971     46.370570
   23360    157.224305     45.887912
   23380    149.400986     44.809787
   23400    152.442275     45.341438
   23420    153.682944     44.908460
   23440    128.472787     40.251396
   23460    156.240553     45.646067
   23480    153.415771     45.218387
   23500    156.978936     46.146379
   23520    154.371577     44.974294
   23540    133.750015     40.797137
   23560    157.617496     45.918473
   23580    143.036032     43.353954
   23600    146.740414     45.614194
   23620    147.083360     44.552871
   23640    146.133830     44.426221
   23660    144.809090     44.027930
   23680    149.195423     44.802501
   23700    121.196582     40.421441
   23720    148.167969     44.828948
   23740    134.253252     42.363867
   23760    140.967094     43.024164
   23780    159.447668     46.228528
   23800    158.005756     46.063907
   23820    149.897778     43.977041
   23840    155.246717     45.901683
   23860    128.160113     41.593068
   23880    152.701025     44.564161
   23900    148.488237     44.485500
   23920    149.644343     44.319001
   23940    134.370211     42.696278
   23960    142.885634     43.351008
   23980    143.793085     44.570254
   24000    131.907928     42.298758
   24020    151.003763     44.518002
   24040    155.239994     45.884054
   24060    137.501882     43.344436
   24080    153.614783     45.440498
   24100    152.783956     45.566235
   24120    122.070799     41.440593
   24140    158.375621     45.769556
   24160    151.103700     44.004694
   24180    158.453433     46.177931
   24200    158.041826     45.685760
   24220     43.084737     29.771008
   24240    155.418064     45.390656
   24260    153.878330     45.394085
   24280    140.098103     43.353731
   24300    144.429394     42.672322
   24320    153.788205     45.428788
   24340    158.699490     46.129572
   24360    155.732955     45.671740
   24380    132.478974     43.104997
   24400    159.725484     46.326927
   24420    135.795561     42.532920
   24440    131.573280     41.200833
   24460    119.931129     39.514399
   24480    142.950492     43.685147
   24500    153.021821     44.584141
   24520    148.169229     44.753940
   24540    151.217555     44.931121
   24560    154.747314     45.481611
   24580    150.636000     45.002115
   24600    144.149202     43.875608
   24620    128.239419     41.134760
   24640    133.148462     42.339882
   24660    158.690033     46.257123
   24680    154.303989     45.388724
   24700    153.281286     45.061957
   24720    143.379949     43.867431
   24740    158.931543     46.063803
   24760    158.966982     45.906534
   24780    155.470293     45.947733
   24800    147.666017     44.884762
   24820    146.558738     44.318253
   24840    157.409839     45.909510
   24860    145.551105     44.443505
   24880    153.149738     45.446686
   24900    154.096266     44.654225
   24920    157.423518     46.398297
   24940    147.505885     42.893081
   24960    133.471991     42.828149
   24980    136.210853     42.710777
   25000    143.321309     44.773441
   25020    155.024172     45.586217
   25040    155.450587     45.778841
   25060    151.067513     44.852469
   25080    144.880898     43.423206
   25100    153.940528     44.991039
   25120    144.492815     43.369047
   25140    135.737495     42.131853
   25160    158.605206     45.913429
   25180    156.964133     46.251911
   25200    157.027107     46.071599
   25220    135.840998     41.682804
   25240    156.701976     45.366900
   25260    150.593993     44.258591
   25280    149.116426     45.063964
   25300    151.079353     45.647525
   25320    125.778749     39.449061
   25340    158.377348     46.095598
   25360    134.171465     43.849478
   25380    124.938101     42.155718
   25400    159.826339     46.567025
   25420    152.191907     45.086224
   25440    138.148699     42.475337
   25460    143.458695     44.217582
   25480    149.468888     44.999545
   25500    144.365686     43.971850
   25520    155.131061     45.263212
   25540    143.083033     44.127743
   25560    151.322473     45.421088
   25580    151.758948     45.446876
   25600    141.725934     43.765365
   25620    137.553513     43.109210
   25640    151.085330     45.311812
   25660    159.156532     46.337974
   25680    143.231994     44.981852
   25700    154.291193     45.512648
   25720    143.624196     44.392704
   25740    154.909981     45.224481
   25760    154.275989     45.690881
   25780    149.765071     44.134478
   25800    150.225572     44.803688
   25820    160.463644     46.439924
   25840    149.447390     44.982028
   25860    154.406057     45.475502
   25880    154.445313     44.500959
   25900    153.152987     45.605203
   25920    158.339289     45.992257
   25940    142.629192     44.511160
   25960    156.103749     45.769519
   25980    121.622172     39.705109
   26000    143.073771     43.715237
   26020    157.090395     45.559248
   26040    115.345258     38.999181
   26060    152.303819     45.550268
   26080    147.114447     44.818580
   26100    103.879696     38.547571
   26120    144.807575     43.868460
   26140    159.626485     46.464948
   26160    156.713714     45.810674
   26180    130.330720     42.044830
   26200    157.528858     46.039495
   26220    147.896908     44.780428
   26240    155.809482     45.543234
   26260    134.897170     42.579866
   26280    137.443032     42.298927
   26300    156.697863     45.956034
   26320    156.793087     45.711941
   26340    129.879062     40.729852
   26360    157.998563     45.605584
   26380    106.773091     38.580599
   26400    137.598668     42.526411
   26420    156.044319     45.340940
   26440    154.511334     45.746176
   26460    141.036835     44.267291
   26480    151.415831     45.112961
   26500    157.085896     45.993176
   26520    157.629181     45.879558
   26540    154.231430     46.034266
   26560    145.134324     43.154229
   26580    151.564610     43.879630
   26600    158.934082     46.420514
   26620    123.247347     41.606207
   26640    155.332453     45.406713
   26660    151.771944     45.171364
   26680    157.059647     45.752473
   26700    146.930758     43.455030
   26720    153.791914     45.712042
   26740    153.751839     45.646497
   26760    131.186289     41.538057
   26780    154.583219     45.349552
   26800    115.806419     40.238632
   26820    149.951099     45.075782
   26840    153.111765     45.401026
   26860    156.659843     46.223256
   26880    139.983634     43.088195
   26900    154.624854     45.591426
   26920    157.859675     46.344561
   26940    149.218135     44.591244
   26960    151.236520     44.964197
   26980    102.008981     37.224509
   27000    133.335598     43.794998
   27020    152.522511     44.423292
   27040    151.735128     45.080681
   27060    157.275323     46.355755
   27080    158.724678     46.165409
   27100    158.599712     45.753408
   27120    153.678262     45.159283
   27140    156.602258     45.988635
   27160    128.759925     40.579387
   27180    120.450360     40.333283
   27200    156.678772     46.260005
   27220    156.863843     46.357742
   27240    146.699615     44.388808
   27260    154.509114     45.646378
   27280    126.678368     43.087886
   27300    158.634411     45.662120
   27320    148.184256     45.193807
   27340    150.350819     45.531144
   27360    104.747714     38.118606
   27380    154.892547     45.234023
   27400    151.150944     44.974320
   27420    154.178774     45.324354
   27440    152.537039     45.194666
   27460    127.605190     41.357288
   27480    149.269688     43.930286
   27500    148.584857     44.404607
   27520    159.170086     46.270434
   27540    148.919597     44.977745
   27560    145.837699     44.508228
   27580    158.485258     45.831898
   27600    145.846503     44.351849
   27620    157.018718     46.102937
   27640    143.536245     44.241045
   27660    150.670059     45.070529
   27680    111.751599     38.333206
   27700    113.833406     39.348435
   27720    153.978433     45.430138
   27740    151.745511     45.714782
   27760    155.475557     45.491899
   27780    154.175763     44.720387
   27800    143.179440     44.017924
   27820    155.112356     45.539246
   27840    151.147170     44.303717
   27860    159.085605     46.264317
   27880    148.094509     45.079861
   27900    148.158808     45.206055
   27920    141.195184     43.265097
   27940    100.423938     37.444798
   27960    155.086869     44.924544
   27980    152.343164     45.273667
   28000    158.817489     46.110492
   28020    122.939001     40.903525
   28040    151.854035     45.511606
   28060    122.646210     39.394897
   28080    154.390015     45.760099
   28100    139.779272     44.212929
   28120    138.826428     43.047462
   28140    155.443019     46.192951
   28160    128.471853     42.561978
   28180    145.222510     42.979985
   28200    150.650763     44.912737
   28220    159.164454     46.236376
   28240    157.096705     45.885836
   28260    124.015210     40.994013
   28280    149.142857     44.528950
   28300    151.104813     44.578731
   28320    156.044136     45.644003
   28340    130.138343     40.751555
   28360    158.790801     46.347893
   28380    147.007614     44.440553
   28400    145.558930     43.686702
   28420    143.183892     44.504659
   28440    156.736051     45.624722
   28460    150.801373     45.744120
   28480    156.905370     45.640552
   28500    134.022323     42.275163
   28520    154.918991     45.518957
   28540    144.643921     44.157823
   28560    130.729245     41.419869
   28580    151.948307     45.441906
   28600    157.475050     46.249108
   28620    152.340427     44.337549
   28640    152.351787     45.237517
   28660    155.898028     45.692638
   28680    135.462047     42.252410
   28700    151.330609     44.495722
   28720    134.235055     43.981814
   28740    157.670762     46.235198
   28760    146.900245     43.830338
   28780    146.825989     44.477141
   28800    147.407338     44.132801
   28820    152.916167     45.170152
   28840    135.620245     43.513840
   28860    147.933052     43.861110
   28880    154.338213     45.560398
   28900    146.033909     44.491004
   28920    151.447225     45.494308
   28940    149.733042     43.603264
   28960    127.143759     41.441175
   28980    150.055526     44.623951
   29000    155.744095     45.530528
   29020    159.593509     46.422290
   29040    153.613488     45.305216
   29060    152.816030     44.480206
   29080    150.742159     45.659989
   29100    154.043371     45.612110
   29120    148.313514     45.109748
   29140    149.488456     45.179183
   29160    151.203638     44.782182
   29180    152.668226     45.410201
   29200    158.320129     46.276419
   29220    141.389747     44.162859
   29240    156.930510     45.806776
   29260    143.989690     43.263890
   29280    149.164300     44.179945
   29300    136.163422     43.653171
   29320    149.638937     44.511244
   29340    138.989134     42.094152
   29360    158.125617     46.085227
   29380    155.323751     45.137311
   29400    144.186517     43.296832
   29420    158.499766     45.896644
   29440    151.011989     45.188701
   29460    142.064816     43.663833
   29480    114.568205     39.413729
   29500    144.155284     43.663543
   29520    119.623076     39.574448
   29540    141.055938     42.893538
   29560    146.357174     44.463725
   29580    157.578911     45.617877
   29600    154.239993     45.171415
   29620    147.643175     44.264362
   29640    150.599394     44.950221
   29660    156.136577     45.622635
   29680    156.337086     45.292461
   29700    152.867111     45.129294
   29720    158.307011     46.016850
   29740    146.445583     43.109214
   29760    156.498977     46.074338
   29780    146.405928     44.472075
   29800    130.549518     43.051410
   29820    156.587760     45.679874
   29840     76.454321     33.915106
   29860    157.241262     45.779715
   29880    144.339405     43.200486
   29900    156.213806     45.959731
   29920    128.556660     40.619573
   29940    151.294103     45.231757
   29960    142.105813     44.866700
   29980    143.429536     44.092706
   30000    152.318367     44.404755
