   10000  377545791.182571
   10020  377545795.036385
   10040  377316525.195135
   10060  377316329.681977
   10080  377108709.049952
   10100  377085365.191184
   10120  376947931.176137
   10140  376947919.815698
   10160  376947923.404922
   10180  376916616.630511
   10200  376523256.036575
   10220  375832969.967205
   10240  374888141.586155
   10260  374888133.082508
   10280  374878306.465122
   10300  374878298.301404
   10320  373901604.403614
   10340  373901599.705924
   10360  373901605.907613
   10380  373901579.905070
   10400  373787750.954931
   10420  373616779.570099
   10440  372591059.432295
   10460  372591043.301339
   10480  372123757.923638
   10500  372123746.924610
   10520  371540387.519704
   10540  371540384.115439
   10560  371540392.210234
   10580  371271697.044332
   10600  370518913.363542
   10620  368068062.852864
   10640  368065490.713963
   10660  367753113.705391
   10680  365765176.623432
   10700  365765057.750546
   10720  365765048.840731
   10740  365765052.359664
   10760  365765034.754333
   10780  365219631.507614
   10800  364912636.234698
   10820  364912631.010699
   10840  364912609.008463
   10860  364873049.733216
   10880  364748338.604698
   10900  363296565.805011
   10920  362384641.463060
   10940  362384630.802130
   10960  362384618.037604
   10980  361967347.228301
   11000  361967352.079133
   11020  361967354.691842
   11040  361513249.860753
   11060  361513227.968660
   11080  361282799.931548
   11100  361093878.602718
   11120  360978029.703270
   11140  360978028.458229
   11160  360977999.600380
   11180  360419570.269727
   11200  359291732.800586
   11220  359291714.194673
   11240  359291708.963666
   11260  359291713.927923
   11280  359291707.293165
   11300  359102470.432343
   11320  359102469.043311
   11340  359102460.310871
   11360  358911101.442777
   11380  358456616.349619
   11400  357973309.421302
   11420  357973311.204730
   11440  357973311.812301
   11460  357973331.296230
   11480  357913877.134034
   11500  357913861.987310
   11520  357900727.486164
   11540  357817692.082722
   11560  357817675.198828
   11580  357817680.937102
   11600  357817676.524286
   11620  357817659.565735
   11640  357817648.629185
   11660  357817667.833691
   11680  357733581.253132
   11700  357733570.480581
   11720  357717274.287039
   11740  357100997.620837
   11760  356179991.594260
   11780  355988127.564033
   11800  355988138.480146
   11820  355988131.481698
   11840  355988127.187849
   11860  355988123.330982
   11880  355988121.796388
   11900  355452765.307200
   11920  355452757.089649
   11940  355452753.277244
   11960  355452739.918142
   11980  353153488.269854
   12000  353153453.957642
   12020  353088499.558948
   12040  353088496.127262
   12060  352295224.325777
   12080  352231898.613225
   12100  351423592.989830
   12120  351423597.393600
   12140  351423562.980880
   12160  349591774.188044
   12180  348396101.126433
   12200  347910674.498472
   12220  347698451.532784
   12240  347365093.058720
   12260  346969674.822064
   12280  346501234.644748
   12300  346501230.197957
   12320  346258623.656748
   12340  345465542.997862
   12360  345465475.677598
   12380  345214071.666734
   12400  344432281.327370
   12420  344432281.166854
   12440  344432291.360564
   12460  344015645.834692
   12480  343930139.504088
   12500  343783207.388646
   12520  343783209.122318
   12540  343395566.611552
   12560  341917117.753999
   12580  340350714.529083
   12600  340341636.559619
   12620  340341630.064069
   12640  339695313.286440
   12660  338563575.408554
   12680  337680497.830431
   12700  336977233.238327
   12720  336977224.779261
   12740  336977197.321543
   12760  336977149.992075
   12780  336252121.093088
   12800  336252118.476002
   12820  336252112.655456
   12840  336107853.861505
   12860  336107840.591010
   12880  336107856.164273
   12900  336096007.380192
   12920  335808807.352701
   12940  334925311.901322
   12960  334851137.990278
   12980  334851127.022306
   13000  334832613.335359
   13020  334832614.589091
   13040  334832595.068986
   13060  334832604.732902
   13080  334832593.661442
   13100  334832588.162010
   13120  334825915.401198
   13140  334701582.343156
   13160  334701569.840409
   13180  334701565.343745
   13200  334692216.009375
   13220  334692239.036228
   13240  333783786.437506
   13260  333783778.352818
   13280  333783791.578206
   13300  333783781.376405
   13320  333783772.648257
   13340  333406195.008241
   13360  333406193.595883
   13380  333384324.170159
   13400  331984540.099011
   13420  331984550.895282
   13440  331847644.817836
   13460  331847654.165851
   13480  331315767.241116
   13500  331315765.370208
   13520  331160047.673005
   13540  327411848.303217
   13560  327411855.557835
   13580  327411847.186207
   13600  327411832.859169
   13620  326995455.678471
   13640  325684241.145920
   13660  325684249.952006
   13680  325309669.997821
   13700  324823133.334117
   13720  324752567.221377
   13740  324071306.096816
   13760  323901209.658907
   13780  323716183.435316
   13800  323691795.603054
   13820  322924066.118475
   13840  322924070.096799
   13860  319549061.588977
   13880  318549994.684764
   13900  318455369.124620
   13920  318324647.129385
   13940  318093917.725509
   13960  318090049.427633
   13980  316445871.682625
   14000  316296038.620090
   14020  316296065.715476
   14040  314969777.127501
   14060  314969750.933714
   14080  314969726.685750
   14100  314377287.104465
   14120  313281226.800146
   14140  311589722.384748
   14160  309506835.826300
   14180  308687599.397831
   14200  308687541.490997
   14220  307495025.048404
   14240  301127039.186071
   14260  300626410.189206
   14280  300626326.311267
   14300  299331555.957783
   14320  294043606.212774
   14340  294023108.003824
   14360  293607198.987257
   14380  289906834.248721
   14400  289870846.205810
   14420  287406238.786722
   14440  284190358.330106
   14460  284190352.483876
   14480  279569547.346252
   14500  276297599.610471
   14520  141624475.214685
   14540   82004961.724438
   14560   58539860.525836
   14580   58199924.258216
   14600   58190448.682043
   14620   57665505.075549
   14640   57576732.400122
   14660   57576700.786642
   14680   57531251.973452
   14700   57290285.993886
   14720   57290296.629073
   14740   57290283.354337
   14760   57255226.909273
   14780   57255202.124991
   14800   57255207.443982
   14820   57193518.148080
   14840   57097954.414092
   14860   57097938.289869
   14880   57051316.655363
   14900   57013452.621915
   14920   56861365.624175
   14940   56861346.574079
   14960   56861348.134172
   14980   56856818.975729
   15000   56851797.653020
   15020   56851786.067827
   15040   56851784.951676
   15060   56846676.118110
   15080   56776931.092060
   15100   56658496.931597
   15120   56654327.608711
   15140   56595158.098997
   15160   56594989.837421
   15180   56525805.860815
   15200   56525792.914865
   15220   56513800.364899
   15240   56513794.350710
   15260   56513797.592434
   15280   56402813.354069
   15300   56140231.391798
   15320   56140230.719575
   15340   56100784.099607
   15360   56100762.524340
   15380   56100753.295107
   15400   56100484.101811
   15420   56061537.475559
   15440   56056989.337539
   15460   55980119.702219
   15480   55889228.616057
   15500   55889231.913481
   15520   55786049.686302
   15540   55761677.507488
   15560   55761671.230147
   15580   55761660.948739
   15600   55761651.967689
   15620   55746295.012262
   15640   55721956.400146
   15660   55721936.268291
   15680   55721935.814306
   15700   55685868.107471
   15720   55484556.406489
   15740   55484554.570484
   15760   55484552.537661
   15780   55484555.604800
   15800   55484538.232353
   15820   55484547.202522
   15840   55484548.939224
   15860   55463010.435314
   15880   55455118.895840
   15900   55446060.923859
   15920   55421618.898725
   15940   55287568.394526
   15960   55198006.893019
   15980   55197985.496372
   16000   55156156.848832
   16020   55041037.848954
   16040   54993624.604670
   16060   54993613.484178
   16080   54993618.081030
   16100   54829124.358641
   16120   54806205.811215
   16140   54773339.992044
   16160   54763492.074506
   16180   54733111.931621
   16200   54726034.327801
   16220   54726039.376453
   16240   54726053.988661
   16260   54710049.811285
   16280   54702641.036190
   16300   54561118.887702
   16320   54561123.778347
   16340   54559382.246878
   16360   54495741.205905
   16380   54454758.851019
   16400   54452389.701794
   16420   54452393.890917
   16440   54452390.065772
   16460   54446016.141036
   16480   54442592.499143
   16500   54442596.953231
   16520   54442595.121697
   16540   54442550.734718
   16560   54442558.421882
   16580   54442567.811406
   16600   54292372.071867
   16620   54292364.547031
   16640   54292321.772800
   16660   53966001.312756
   16680   53760463.151312
   16700   53301359.165891
   16720   52766294.493399
   16740   52620815.228581
   16760   51926136.082378
   16780   51926046.180035
   16800   51919625.497824
   16820   51919627.223658
   16840   51295316.090012
   16860   51192298.734328
   16880   51192287.557161
   16900   51188544.619654
   16920   51095434.962229
   16940   51091570.811179
   16960   50978770.637386
   16980   50891539.684355
   17000   50764875.334415
   17020   50764794.767561
   17040   50680230.158374
   17060   49680209.550263
   17080   49600308.988650
   17100   49579839.319307
   17120   49579815.020201
   17140   49557558.076289
   17160   49557549.571992
   17180   49460126.164159
   17200   49442647.478682
   17220   49442643.846878
   17240   49442645.668837
   17260   49405037.235396
   17280   49393492.259954
   17300   49392152.106907
   17320   49392147.935220
   17340   49249096.571307
   17360   49072987.459933
   17380   49025915.918733
   17400   49025911.190698
   17420   49025918.489597
   17440   49025912.109389
   17460   49025916.844525
   17480   49024286.552972
   17500   48994717.037963
   17520   48994708.175936
   17540   48994721.947100
   17560   48948831.455604
   17580   48948826.075240
   17600   48948830.323581
   17620   48948831.875441
   17640   48948833.852465
   17660   48928663.939940
   17680   48927643.656926
   17700   48783862.168560
   17720   48488219.375283
   17740   48227792.410559
   17760   48226848.033493
   17780   48178018.116595
   17800   48178009.371878
   17820   48159410.129527
   17840   47708769.640856
   17860   47538134.080997
   17880   47509819.395667
   17900   47509813.012163
   17920   46690177.788729
   17940   45487204.805445
   17960   44735323.916042
   17980   44646580.681278
   18000   44519082.429332
   18020   44452047.975468
   18040   44336342.352473
   18060   44201201.738057
   18080   44125533.334463
   18100   44125536.159932
   18120   44123464.148068
   18140   44123451.780897
   18160   43945893.220802
   18180   43903031.761751
   18200   43902974.873779
   18220   43217762.202024
   18240   43103567.838882
   18260   43092386.454143
   18280   43089396.785626
   18300   43089382.596301
   18320   43049809.897947
   18340   43034098.177130
   18360   42486202.725235
   18380   42365717.173221
   18400   42022778.286439
   18420   41862853.612408
   18440   41862859.856263
   18460   41065923.740258
   18480   40867452.645076
   18500   40793377.358943
   18520   40793335.589850
   18540   40440947.375721
   18560   39755567.594555
   18580   39732990.045381
   18600   39732994.967021
   18620   39064217.355897
   18640   39064209.663894
   18660   38932852.534091
   18680   38846463.323960
   18700   38846463.265762
   18720   38846467.820241
   18740   38846462.515969
   18760   38592558.523955
   18780   38214119.017380
   18800   38180068.979704
   18820   37797165.429627
   18840   37307939.364805
   18860   36609575.909427
   18880   36566685.810639
   18900   36488889.045555
   18920   36246234.140890
   18940   36246117.422807
   18960   36242346.524820
   18980   36209301.152931
   19000   36170771.334757
   19020   36048233.164080
   19040   36014398.266168
   19060   35978949.061602
   19080   35978954.417989
   19100   35837818.265014
   19120   35830390.650569
   19140   35812034.776025
   19160   35648126.501676
   19180   35648125.911906
   19200   35648104.594828
   19220   35633724.592459
   19240   35625385.504314
   19260   35625384.089443
   19280   35599694.473568
   19300   35507759.283948
   19320   35507762.073523
   19340   35343428.642245
   19360   35343432.684055
   19380   34637259.277163
   19400   33741182.584388
   19420   33126889.871464
   19440   32892460.583206
   19460   32780816.051196
   19480   32479404.298313
   19500   31855896.301860
   19520   31240949.735940
   19540   30284989.947992
   19560   29872506.949003
   19580   29845067.635680
   19600   29816469.621505
   19620   28981204.904021
   19640   28645788.235768
   19660   27824112.442679
   19680   27151272.407312
   19700   26520918.311304
   19720   25062060.950766
   19740    9034802.877732
   19760     -52583.328356
   19780     -53171.998979
   19800     -53715.041509
   19820     -53887.352133
   19840     -53906.710797
   19860     -53967.034244
   19880     -53991.954241
   19900     -54019.136767
   19920     -54049.447875
   19940     -54057.027801
   19960     -54082.380685
   19980     -54125.611757
   20000     -54134.033501
   20020     -54160.047050
   20040     -54146.852210
   20060     -54159.089006
   20080     -54188.268302
   20100     -54206.420821
   20120     -54218.696226
   20140     -54237.562367
   20160     -54233.343553
   20180     -54247.820340
   20200     -54265.422229
   20220     -54273.440330
   20240     -54281.509211
   20260     -54284.362036
   20280     -54303.158924
   20300     -54313.188591
   20320     -54319.863144
   20340     -54327.283858
   20360     -54338.667006
   20380     -54346.919629
   20400     -54367.237057
   20420     -54367.364685
   20440     -54379.659236
   20460     -54382.643999
   20480     -54390.732091
   20500     -54402.594409
   20520     -54402.153333
   20540     -54394.191529
   20560     -54385.692522
   20580     -54398.600634
   20600     -54409.717788
   20620     -54413.652382
   20640     -54427.336253
   20660     -54436.767628
   20680     -54438.473368
   20700     -54449.136672
   20720     -54457.542568
   20740     -54457.575477
   20760     -54456.076887
   20780     -54457.837827
   20800     -54459.780185
   20820     -54473.316095
   20840     -54468.107234
   20860     -54466.996639
   20880     -54480.993953
   20900     -54466.291476
   20920     -54489.206409
   20940     -54490.086155
   20960     -54485.256827
   20980     -54495.202728
   21000     -54507.702865
   21020     -54504.136351
   21040     -54503.919275
   21060     -54507.568376
   21080     -54510.745430
   21100     -54519.936003
   21120     -54500.267763
   21140     -54513.723497
   21160     -54520.213394
   21180     -54514.028829
   21200     -54525.762398
   21220     -54522.626679
   21240     -54534.367827
   21260     -54537.207047
   21280     -54552.359655
   21300     -54556.969572
   21320     -54557.460217
   21340     -54571.411517
   21360     -54563.158275
   21380     -54578.545695
   21400     -54586.226695
   21420     -54583.274263
   21440     -54582.136279
   21460     -54580.934855
   21480     -54587.425719
   21500     -54588.669280
   21520     -54575.893310
   21540     -54593.387761
   21560     -54589.834999
   21580     -54597.937782
   21600     -54601.370474
   21620     -54598.051065
   21640     -54605.125177
   21660     -54606.861588
   21680     -54615.869122
   21700     -54608.331058
   21720     -54616.604842
   21740     -54608.511474
   21760     -54610.205382
   21780     -54608.741260
   21800     -54609.963169
   21820     -54624.936992
   21840     -54629.578514
   21860     -54638.779105
   21880     -54635.874262
   21900     -54633.271877
   21920     -54639.295290
   21940     -54634.086993
   21960     -54630.110750
   21980     -54647.602822
   22000     -54639.297147
   22020     -54633.318119
   22040     -54639.840812
   22060     -54638.147341
   22080     -54646.589102
   22100     -54634.677867
   22120     -54648.813226
   22140     -54650.854879
   22160     -54648.864580
   22180     -54658.148614
   22200     -54646.891949
   22220     -54671.488071
   22240     -54681.703136
   22260     -54663.898828
   22280     -54680.004987
   22300     -54670.415983
   22320     -54690.080749
   22340     -54695.134991
   22360     -54698.520481
   22380     -54701.815721
   22400     -54706.886771
   22420     -54730.166295
   22440     -54723.162974
   22460     -54718.947903
   22480     -54720.913476
   22500     -54725.317526
   22520     -54724.065762
   22540     -54713.968547
   22560     -54727.713104
   22580     -54728.568638
   22600     -54743.522281
   22620     -54744.918709
   22640     -54756.267300
   22660     -54757.804778
   22680     -54758.366238
   22700     -54749.240698
   22720     -54748.720287
   22740     -54753.686669
   22760     -54763.361066
   22780     -54763.021462
   22800     -54767.500789
   22820     -54770.769503
   22840     -54777.636441
   22860     -54788.242178
   22880     -54784.679920
   22900     -54782.688168
   22920     -54780.671446
   22940     -54786.876742
   22960     -54795.837622
   22980     -54797.823224
   23000     -54781.450635
   23020     -54801.367734
   23040     -54795.809022
   23060     -54799.098325
   23080     -54804.895024
   23100     -54794.829347
   23120     -54807.390289
   23140     -54803.502713
   23160     -54801.823141
   23180     -54802.012068
   23200     -54802.518017
   23220     -54811.048926
   23240     -54806.423847
   23260     -54793.691897
   23280     -54802.276837
   23300     -54797.380551
   23320     -54829.258878
   23340     -54834.381892
   23360     -54828.413718
   23380     -54849.010311
   23400     -54840.741041
   23420     -54844.613348
   23440     -54817.851411
   23460     -54836.237030
   23480     -54834.108109
   23500     -54827.702704
   23520     -54838.982340
   23540     -54841.945814
   23560     -54841.317830
   23580     -54852.551022
   23600     -54839.790602
   23620     -54823.456847
   23640     -54844.278007
   23660     -54833.947257
   23680     -54831.668377
   23700     -54844.574596
   23720     -54844.183991
   23740     -54848.004246
   23760     -54841.066113
   23780     -54827.980497
   23800     -54853.361264
   23820     -54854.932449
   23840     -54871.825519
   23860     -54875.259209
   23880     -54877.428340
   23900     -54870.633271
   23920     -54864.802962
   23940     -54883.892818
   23960     -54907.847170
   23980     -54894.275489
   24000     -54895.581499
   24020     -54907.122262
   24040     -54891.402719
   24060     -54899.951418
   24080     -54918.142252
   24100     -54900.158279
   24120     -54907.551412
   24140     -54911.350369
   24160     -54903.236168
   24180     -54922.235236
   24200     -54916.921424
   24220     -54917.112731
   24240     -54936.210089
   24260     -54942.421799
   24280     -54942.058623
   24300     -54954.386216
   24320     -54964.515352
   24340     -54949.031036
   24360     -54950.885611
   24380     -54954.186009
   24400     -54950.148282
   24420     -54953.481556
   24440     -54943.828025
   24460     -54952.872017
   24480     -54961.187945
   24500     -54955.975276
   24520     -54958.075067
   24540     -54959.487398
   24560     -54964.559038
   24580     -54955.741124
   24600     -54970.813392
   24620     -54976.512460
   24640     -54990.605473
   24660     -54992.029572
   24680     -54982.003744
   24700     -54993.260414
   24720     -54998.497345
   24740     -55012.599262
   24760     -55011.549544
   24780     -55011.307729
   24800     -55000.984732
   24820     -55005.189390
   24840     -55006.543983
   24860     -54993.089059
   24880     -55011.165529
   24900     -55012.369717
   24920     -55023.812848
   24940     -55023.541439
   24960     -55022.886422
   24980     -55035.688551
   25000     -55024.439859
   25020     -55033.388677
   25040     -55046.650431
   25060     -55043.608809
   25080     -55061.503700
   25100     -55050.127789
   25120     -55034.497498
   25140     -55056.571586
   25160     -55054.345941
   25180     -55066.268847
   25200     -55062.199703
   25220     -55053.698511
   25240     -55068.804497
   25260     -55051.230951
   25280     -55061.436227
   25300     -55065.693725
   25320     -55076.386269
   25340     -55081.414309
   25360     -55071.874627
   25380     -55079.655969
   25400     -55068.732406
   25420     -55077.934658
   25440     -55066.971132
   25460     -55096.467563
   25480     -55081.282872
   25500     -55080.942432
   25520     -55095.558485
   25540     -55077.017130
   25560     -55069.331500
   25580     -55092.069206
   25600     -55103.472620
   25620     -55110.332451
   25640     -55113.655648
   25660     -55121.557028
   25680     -55117.243818
   25700     -55119.055275
   25720     -55118.101166
   25740     -55128.223393
   25760     -55118.172604
   25780     -55139.697891
   25800     -55141.151583
   25820     -55130.025141
   25840     -55142.039926
   25860     -55133.575545
   25880     -55135.472843
   25900     -55133.988528
   25920     -55145.365936
   25940     -55148.123736
   25960     -55150.214414
   25980     -55148.789686
   26000     -55170.529005
   26020     -55167.393633
   26040     -55166.048084
   26060     -55169.308902
   26080     -55172.905328
   26100     -55157.425469
   26120     -55163.319087
   26140     -55163.433079
   26160     -55163.278020
   26180     -55172.570454
   26200     -55171.694320
   26220     -55183.555718
   26240     -55175.974542
   26260     -55176.092972
   26280     -55182.796205
   26300     -55201.829393
   26320     -55193.782506
   26340     -55184.547177
   26360     -55196.116586
   26380     -55185.481496
   26400     -55175.789773
   26420     -55189.179108
   26440     -55187.687026
   26460     -55190.569799
   26480     -55206.495513
   26500     -55205.115972
   26520     -55200.345399
   26540     -55211.756592
   26560     -55224.444822
   26580     -55206.580194
   26600     -55213.455911
   26620     -55217.276330
   26640     -55225.951884
   26660     -55240.746086
   26680     -55229.739084
   26700     -55239.633924
   26720     -55247.393416
   26740     -55251.629445
   26760     -55237.198882
   26780     -55250.797713
   26800     -55243.010657
   26820     -55257.143316
   26840     -55251.774978
   26860     -55262.975260
   26880     -55259.500492
   26900     -55242.967647
   26920     -55249.365971
   26940     -55249.460234
   26960     -55261.896420
   26980     -55268.111498
   27000     -55252.635004
   27020     -55265.794477
   27040     -55266.319367
   27060     -55260.683882
   27080     -55250.419382
   27100     -55266.215917
   27120     -55265.100854
   27140     -55258.655245
   27160     -55278.168496
   27180     -55275.641637
   27200     -55277.954735
   27220     -55275.874739
   27240     -55284.046370
   27260     -55280.848653
   27280     -55291.730881
   27300     -55284.815433
   27320     -55296.154465
   27340     -55286.094416
   27360     -55289.116703
   27380     -55281.957092
   27400     -55290.737434
   27420     -55289.780149
   27440     -55296.078618
   27460     -55287.779929
   27480     -55298.101224
   27500     -55295.918544
   27520     -55288.579620
   27540     -55280.021481
   27560     -55297.865837
   27580     -55298.105411
   27600     -55296.954629
   27620     -55303.508959
   27640     -55284.004701
   27660     -55293.832048
   27680     -55304.263855
   27700     -55297.597572
   27720     -55296.924028
   27740     -55290.552218
   27760     -55309.541605
   27780     -55322.563731
   27800     -55329.497801
   27820     -55327.862488
   27840     -55327.867752
   27860     -55317.477882
   27880     -55332.379967
   27900     -55321.833330
   27920     -55338.227465
   27940     -55339.010139
   27960     -55338.738424
   27980     -55359.110561
   28000     -55354.241212
   28020     -55352.898913
   28040     -55366.728817
   28060     -55346.228934
   28080     -55365.624439
   28100     -55376.761683
   28120     -55373.123882
   28140     -55367.138128
   28160     -55358.850364
   28180     -55365.850914
   28200     -55368.605259
   28220     -55378.945972
   28240     -55369.850260
   28260     -55363.534996
   28280     -55364.413394
   28300     -55359.054981
   28320     -55372.505268
   28340     -55371.528909
   28360     -55380.931678
   28380     -55368.834836
   28400     -55372.965491
   28420     -55372.666764
   28440     -55370.549000
   28460     -55377.038824
   28480     -55375.372371
   28500     -55378.595649
   28520     -55380.992484
   28540     -55390.582212
   28560     -55395.975242
   28580     -55402.245204
   28600     -55383.478164
   28620     -55389.037593
   28640     -55389.140470
   28660     -55383.244835
   28680     -55384.859445
   28700     -55375.334091
   28720     -55390.521985
   28740     -55385.221110
   28760     -55388.912355
   28780     -55411.163549
   28800     -55401.074720
   28820     -55408.921201
   28840     -55407.485571
   28860     -55407.742828
   28880     -55413.029654
   28900     -55416.159625
   28920     -55416.532546
   28940     -55405.560203
   28960     -55413.843213
   28980     -55415.623627
   29000     -55422.194698
   29020     -55415.459446
   29040     -55417.968883
   29060     -55397.474145
   29080     -55409.245396
   29100     -55398.097422
   29120     -55402.945519
   29140     -55415.540543
   29160     -55413.898324
   29180     -55419.485291
   29200     -55427.484078
   29220     -55424.478228
   29240     -55434.242566
   29260     -55439.865654
   29280     -55446.059654
   29300     -55433.227078
   29320     -55421.301729
   29340     -55429.339983
   29360     -55438.170625
   29380     -55428.982044
   29400     -55433.884494
   29420     -55425.032110
   29440     -55437.068217
   29460     -55445.187264
   29480     -55445.252203
   29500     -55453.017758
   29520     -55441.914890
   29540     -55444.985530
   29560     -55439.122628
   29580     -55444.446047
   29600     -55450.523924
   29620     -55459.576165
   29640     -55442.891753
   29660     -55441.406044
   29680     -55444.103918
   29700     -55432.794776
   29720     -55430.867322
   29740     -55442.080198
   29760     -55445.602015
   29780     -55454.093009
   29800     -55444.695645
   29820     -55448.452364
   29840     -55440.805507
   29860     -55463.902813
   29880     -55454.959779
   29900     -55468.342328
   29920     -55458.263235
   29940     -55459.427418
   29960     -55478.062204
   29980     -55473.801375
   30000     -55472.979756
