   10000     -62795.723655
   10020     -62793.477215
   10040     -62796.197492
   10060     -62795.143328
   10080     -62809.806309
   10100     -62822.943678
   10120     -62819.277351
   10140     -62825.691766
   10160     -62828.675281
   10180     -62840.770930
   10200     -62846.066187
   10220     -62837.220883
   10240     -62825.840974
   10260     -62846.769042
   10280     -62852.345114
   10300     -62854.635226
   10320     -62846.874036
   10340     -62851.994952
   10360     -62854.780914
   10380     -62861.161160
   10400     -62860.873129
   10420     -62867.603444
   10440     -62875.761385
   10460     -62879.207349
   10480     -62875.356657
   10500     -62876.216903
   10520     -62893.535985
   10540     -62898.673766
   10560     -62893.847734
   10580     -62878.988870
   10600     -62901.094833
   10620     -62896.683333
   10640     -62899.331337
   10660     -62884.947331
   10680     -62918.330994
   10700     -62938.729225
   10720     -62945.954521
   10740     -62946.349844
   10760     -62961.208675
   10780     -62943.634676
   10800     -62942.692962
   10820     -62935.020097
   10840     -62942.267818
   10860     -62942.823475
   10880     -62949.710897
   10900     -62959.269055
   10920     -62970.992085
   10940     -62964.608964
   10960     -62972.310842
   10980     -62965.522377
   11000     -62971.400315
   11020     -62973.798207
   11040     -62983.081808
   11060     -62974.079379
   11080     -62980.162701
   11100     -62978.812586
   11120     -62974.406600
   11140     -62985.972176
   11160     -62981.931768
   11180     -62983.379735
   11200     -62980.953429
   11220     -62989.746164
   11240     -62985.793479
   11260     -62995.657055
   11280     -63007.531927
   11300     -62999.589445
   11320     -62999.630352
   11340     -62996.714242
   11360     -63001.550636
   11380     -62996.669173
   11400     -62989.048031
   11420     -63009.152647
   11440     -63006.078089
   11460     -63011.309250
   11480     -63027.273042
   11500     -63024.940275
   11520     -63036.261554
   11540     -63038.465700
   11560     -63056.937018
   11580     -63049.560533
   11600     -63051.832503
   11620     -63051.997813
   11640     -63060.037107
   11660     -63049.180011
   11680     -63051.599688
   11700     -63065.100390
   11720     -63069.769752
   11740     -63056.720239
   11760     -63066.662883
   11780     -63063.656723
   11800     -63079.765118
   11820     -63085.490402
   11840     -63086.447852
   11860     -63078.523893
   11880     -63074.378346
   11900     -63071.602531
   11920     -63081.227694
   11940     -63081.578905
   11960     -63104.714459
   11980     -63085.076312
   12000     -63095.620546
   12020     -63105.054234
   12040     -63098.665019
   12060     -63083.427456
   12080     -63097.047907
   12100     -63101.476955
   12120     -63111.586328
   12140     -63110.132886
   12160     -63110.153247
   12180     -63106.352932
   12200     -63113.217410
   12220     -63113.033266
   12240     -63110.541167
   12260     -63115.303456
   12280     -63112.541009
   12300     -63114.729571
   12320     -63106.861239
   12340     -63105.108248
   12360     -63116.265214
   12380     -63129.955612
   12400     -63127.486781
   12420     -63121.668412
   12440     -63123.654109
   12460     -63131.656524
   12480     -63145.342474
   12500     -63137.403847
   12520     -63129.103419
   12540     -63140.177630
   12560     -63139.045455
   12580     -63144.228425
   12600     -63151.301684
   12620     -63148.063468
   12640     -63143.630802
   12660     -63160.653614
   12680     -63174.452739
   12700     -63164.543737
   12720     -63176.483152
   12740     -63165.462777
   12760     -63175.062570
   12780     -63169.407811
   12800     -63172.146862
   12820     -63170.132752
   12840     -63169.532614
   12860     -63166.910424
   12880     -63173.469057
   12900     -63178.823426
   12920     -63177.197432
   12940     -63181.849672
   12960     -63182.320991
   12980     -63188.227486
   13000     -63183.547379
   13020     -63192.063593
   13040     -63185.821015
   13060     -63192.210756
   13080     -63188.783474
   13100     -63184.649811
   13120     -63186.085050
   13140     -63187.080774
   13160     -63201.641228
   13180     -63204.362458
   13200     -63206.672257
   13220     -63207.656918
   13240     -63205.343310
   13260     -63214.388559
   13280     -63215.374281
   13300     -63218.233755
   13320     -63228.088185
   13340     -63215.488695
   13360     -63228.881523
   13380     -63226.418956
   13400     -63223.172259
   13420     -63227.120561
   13440     -63222.554155
   13460     -63229.741131
   13480     -63240.961739
   13500     -63237.841685
   13520     -63239.675647
   13540     -63238.385924
   13560     -63235.430529
   13580     -63244.723142
   13600     -63248.148162
   13620     -63253.733562
   13640     -63245.677099
   13660     -63249.531787
   13680     -63254.256587
   13700     -63262.029295
   13720     -63264.070268
   13740     -63250.201779
   13760     -63262.529953
   13780     -63265.883115
   13800     -63271.293094
   13820     -63273.247935
   13840     -63269.939080
   13860     -63266.789795
   13880     -63273.380036
   13900     -63274.374436
   13920     -63271.746997
   13940     -63274.425480
   13960     -63280.041918
   13980     -63278.395465
   14000     -63284.751280
   14020     -63277.722854
   14040     -63286.885995
   14060     -63288.526847
   14080     -63295.819548
   14100     -63291.668827
   14120     -63295.128922
   14140     -63303.027710
   14160     -63305.529381
   14180     -63301.128294
   14200     -63300.544263
   14220     -63293.044016
   14240     -63302.503147
   14260     -63299.311738
   14280     -63292.198978
   14300     -63314.363858
   14320     -63317.437622
   14340     -63315.907272
   14360     -63309.058454
   14380     -63313.612651
   14400     -63313.274391
   14420     -63318.199230
   14440     -63324.780537
   14460     -63311.436106
   14480     -63316.695134
   14500     -63313.950719
   14520     -63318.085172
   14540     -63326.748606
   14560     -63340.472594
   14580     -63338.831495
   14600     -63333.896528
   14620     -63325.270012
   14640     -63332.364061
   14660     -63333.533536
   14680     -63335.046663
   14700     -63334.646224
   14720     -63331.336138
   14740     -63340.208566
   14760     -63331.203254
   14780     -63334.132706
   14800     -63344.681665
   14820     -63348.762454
   14840     -63345.581586
   14860     -63344.042920
   14880     -63350.987210
   14900     -63356.157700
   14920     -63360.224225
   14940     -63353.751229
   14960     -63351.688747
   14980     -63358.420443
   15000     -63351.862227
   15020     -63359.148345
   15040     -63366.143061
   15060     -63366.905658
   15080     -63356.894194
   15100     -63341.522277
   15120     -63359.685302
   15140     -63360.076423
   15160     -63360.190310
   15180     -63372.785111
   15200     -63370.813167
   15220     -63372.432753
   15240     -63364.357428
   15260     -63364.405256
   15280     -63360.699937
   15300     -63353.276231
   15320     -63340.398316
   15340     -63342.630366
   15360     -63354.511999
   15380     -63371.494405
   15400     -63374.741464
   15420     -63368.770708
   15440     -63376.175311
   15460     -63377.261872
   15480     -63379.210605
   15500     -63381.153476
   15520     -63382.450751
   15540     -63387.716394
   15560     -63385.382525
   15580     -63383.728294
   15600     -63398.995606
   15620     -63399.246640
   15640     -63403.912373
   15660     -63396.645764
   15680     -63389.679562
   15700     -63387.916293
   15720     -63384.126398
   15740     -63381.721848
   15760     -63383.757466
   15780     -63384.421403
   15800     -63389.206860
   15820     -63384.605523
   15840     -63382.264307
   15860     -63381.035196
   15880     -63383.854498
   15900     -63386.936268
   15920     -63393.380495
   15940     -63395.204213
   15960     -63393.616539
   15980     -63391.109606
   16000     -63400.415821
   16020     -63386.122516
   16040     -63398.037639
   16060     -63406.028119
   16080     -63405.768317
   16100     -63395.404219
   16120     -63393.838809
   16140     -63397.359321
   16160     -63396.244544
   16180     -63402.778484
   16200     -63406.577492
   16220     -63407.151397
   16240     -63417.275718
   16260     -63408.754091
   16280     -63415.500584
   16300     -63418.433135
   16320     -63404.783737
   16340     -63411.036292
   16360     -63420.011311
   16380     -63420.198810
   16400     -63429.695844
   16420     -63429.735080
   16440     -63444.989536
   16460     -63442.573597
   16480     -63448.366635
   16500     -63444.909759
   16520     -63443.150606
   16540     -63453.897035
   16560     -63437.322906
   16580     -63447.866904
   16600     -63447.536634
   16620     -63455.210178
   16640     -63462.743052
   16660     -63454.544101
   16680     -63451.477965
   16700     -63447.735506
   16720     -63445.567722
   16740     -63447.957681
   16760     -63453.111644
   16780     -63453.998183
   16800     -63457.962718
   16820     -63464.446984
   16840     -63455.500722
   16860     -63460.920880
   16880     -63459.918837
   16900     -63458.459842
   16920     -63473.597891
   16940     -63461.113668
   16960     -63465.546713
   16980     -63481.219398
   17000     -63481.015565
   17020     -63477.130430
   17040     -63476.310364
   17060     -63477.231384
   17080     -63473.160073
   17100     -63479.831322
   17120     -63488.196621
   17140     -63482.991796
   17160     -63483.488992
   17180     -63489.953836
   17200     -63495.690882
   17220     -63497.446585
   17240     -63500.222767
   17260     -63497.458290
   17280     -63492.351410
   17300     -63496.412666
   17320     -63509.093626
   17340     -63497.218564
   17360     -63504.433113
   17380     -63507.820884
   17400     -63509.067071
   17420     -63498.541496
   17440     -63514.771173
   17460     -63510.480982
   17480     -63505.021561
   17500     -63502.268339
   17520     -63498.485056
   17540     -63509.068625
   17560     -63503.311438
   17580     -63514.215454
   17600     -63506.081484
   17620     -63508.879016
   17640     -63521.208258
   17660     -63514.996231
   17680     -63521.200852
   17700     -63511.885809
   17720     -63519.841961
   17740     -63525.351045
   17760     -63528.306429
   17780     -63514.515607
   17800     -63528.519665
   17820     -63517.045379
   17840     -63528.261061
   17860     -63535.649582
   17880     -63534.441113
   17900     -63527.578227
   17920     -63521.209219
   17940     -63532.519451
   17960     -63544.746422
   17980     -63535.351787
   18000     -63525.990002
   18020     -63537.905300
   18040     -63543.749770
   18060     -63543.684037
   18080     -63549.896475
   18100     -63549.846198
   18120     -63545.101512
   18140     -63562.074561
   18160     -63563.468512
   18180     -63549.947901
   18200     -63535.664268
   18220     -63551.123002
   18240     -63551.082674
   18260     -63555.322609
   18280     -63560.720734
   18300     -63566.684090
   18320     -63556.626780
   18340     -63550.606127
   18360     -63543.013443
   18380     -63549.722605
   18400     -63555.702854
   18420     -63567.086421
   18440     -63563.470257
   18460     -63567.471823
   18480     -63573.793967
   18500     -63558.911639
   18520     -63563.848153
   18540     -63566.017358
   18560     -63569.552404
   18580     -63570.583652
   18600     -63551.613354
   18620     -63573.782635
   18640     -63575.016362
   18660     -63571.991661
   18680     -63560.680753
   18700     -63566.777692
   18720     -63578.361480
   18740     -63576.880587
   18760     -63557.349650
   18780     -63568.169283
   18800     -63569.190946
   18820     -63576.973609
   18840     -63575.324573
   18860     -63579.973850
   18880     -63582.353537
   18900     -63591.342479
   18920     -63589.625471
   18940     -63589.310545
   18960     -63590.425205
   18980     -63600.298962
   19000     -63610.131450
   19020     -63608.724813
   19040     -63601.408171
   19060     -63599.295932
   19080     -63600.575188
   19100     -63584.933303
   19120     -63592.948284
   19140     -63604.153121
   19160     -63607.507424
   19180     -63608.334926
   19200     -63611.856204
   19220     -63602.052860
   19240     -63610.887094
   19260     -63615.872619
   19280     -63604.172614
   19300     -63620.663973
   19320     -63625.166086
   19340     -63610.910889
   19360     -63618.964266
   19380     -63622.859045
   19400     -63617.548414
   19420     -63623.913069
   19440     -63625.789643
   19460     -63623.140940
   19480     -63622.631031
   19500     -63622.860457
   19520     -63631.415487
   19540     -63630.657526
   19560     -63619.910268
   19580     -63629.827241
   19600     -63632.956365
   19620     -63623.443109
   19640     -63633.845864
   19660     -63631.125044
   19680     -63640.080748
   19700     -63627.027611
   19720     -63629.252734
   19740     -63632.152811
   19760     -63641.419024
   19780     -63633.670758
   19800     -63607.691653
   19820     -63635.169289
   19840     -63640.943749
   19860     -63654.848154
   19880     -63648.264354
   19900     -63652.523657
   19920     -63663.439759
   19940     -63665.190824
   19960     -63666.773408
   19980     -63654.776506
   20000     -63656.330982
   20020     -63655.479741
   20040     -63653.124428
   20060     -63663.120901
   20080     -63660.065214
   20100     -63672.229277
   20120     -63675.171404
   20140     -63661.903882
   20160     -63673.848943
   20180     -63666.252691
   20200     -63668.953333
   20220     -63678.763039
   20240     -63672.102901
   20260     -63683.588870
   20280     -63686.606471
   20300     -63685.195173
   20320     -63675.858813
   20340     -63689.049715
   20360     -63683.658132
   20380     -63684.736481
   20400     -63694.358304
   20420     -63686.454919
   20440     -63684.869692
   20460     -63707.236617
   20480     -63694.165956
   20500     -63697.652262
   20520     -63701.996541
   20540     -63707.331112
   20560     -63713.606816
   20580     -63717.057490
   20600     -63713.598922
   20620     -63716.449224
   20640     -63711.782983
   20660     -63717.493940
   20680     -63712.561995
   20700     -63712.033029
   20720     -63718.650575
   20740     -63717.596845
   20760     -63721.484704
   20780     -63727.068110
   20800     -63727.083394
   20820     -63725.617030
   20840     -63724.285995
   20860     -63728.425298
   20880     -63735.659600
   20900     -63733.543839
   20920     -63736.540017
   20940     -63727.384899
   20960     -63735.872456
   20980     -63737.836104
   21000     -63725.381622
   21020     -63736.789218
   21040     -63734.600033
   21060     -63727.538329
   21080     -63733.736772
   21100     -63727.141423
   21120     -63739.686128
   21140     -63745.249501
   21160     -63735.598424
   21180     -63740.660511
   21200     -63747.521433
   21220     -63748.469175
   21240     -63750.362544
   21260     -63747.316457
   21280     -63751.414794
   21300     -63753.335373
   21320     -63736.777162
   21340     -63740.501594
   21360     -63749.541172
   21380     -63755.688258
   21400     -63758.789469
   21420     -63768.683026
   21440     -63755.867789
   21460     -63753.917663
   21480     -63750.262466
   21500     -63747.697083
   21520     -63757.570707
   21540     -63753.585732
   21560     -63750.330824
   21580     -63756.327709
   21600     -63766.083178
   21620     -63767.160851
   21640     -63749.401588
   21660     -63767.566939
   21680     -63773.812800
   21700     -63765.840768
   21720     -63774.805988
   21740     -63770.987004
   21760     -63761.385561
   21780     -63762.245571
   21800     -63774.787416
   21820     -63777.405301
   21840     -63767.646166
   21860     -63764.402658
   21880     -63758.668553
   21900     -63762.652347
   21920     -63764.938574
   21940     -63770.883242
   21960     -63768.316481
   21980     -63776.903029
   22000     -63764.726655
   22020     -63764.321312
   22040     -63763.604652
   22060     -63772.713614
   22080     -63775.542288
   22100     -63778.391494
   22120     -63776.774053
   22140     -63772.647916
   22160     -63775.171412
   22180     -63781.941658
   22200     -63772.974850
   22220     -63771.139126
   22240     -63783.937127
   22260     -63787.049001
   22280     -63810.019385
   22300     -63806.120044
   22320     -63801.488045
   22340     -63806.030745
   22360     -63804.475330
   22380     -63806.149882
   22400     -63811.241715
   22420     -63813.595860
   22440     -63800.159254
   22460     -63808.306561
   22480     -63816.122045
   22500     -63803.956514
   22520     -63803.583176
   22540     -63805.395462
   22560     -63805.942116
   22580     -63817.407981
   22600     -63825.486141
   22620     -63823.678189
   22640     -63820.011246
   22660     -63827.559366
   22680     -63826.311810
   22700     -63830.930067
   22720     -63818.399401
   22740     -63820.623870
   22760     -63806.139422
   22780     -63812.456111
   22800     -63818.304724
   22820     -63831.545658
   22840     -63836.087468
   22860     -63833.979003
   22880     -63827.491840
   22900     -63818.332598
   22920     -63832.697757
   22940     -63841.332454
   22960     -63839.942765
   22980     -63839.310037
   23000     -63850.809692
   23020     -63860.404857
   23040     -63863.368468
   23060     -63868.436002
   23080     -63872.921953
   23100     -63856.572082
   23120     -63861.128992
   23140     -63869.591204
   23160     -63873.411906
   23180     -63866.934373
   23200     -63867.016099
   23220     -63862.950409
   23240     -63865.427125
   23260     -63872.426715
   23280     -63865.854622
   23300     -63868.825950
   23320     -63866.901905
   23340     -63857.598047
   23360     -63857.501022
   23380     -63861.821313
   23400     -63871.691903
   23420     -63866.653081
   23440     -63858.804647
   23460     -63872.772304
   23480     -63878.331477
   23500     -63868.409560
   23520     -63872.024605
   23540     -63872.706357
   23560     -63866.173866
   23580     -63871.116820
   23600     -63865.879806
   23620     -63876.626462
   23640     -63871.159756
   23660     -63881.567445
   23680     -63877.816763
   23700     -63879.705457
   23720     -63875.310865
   23740     -63876.304470
   23760     -63867.169423
   23780     -63871.536665
   23800     -63882.680990
   23820     -63882.674566
   23840     -63886.127006
   23860     -63885.498783
   23880     -63877.499825
   23900     -63883.191987
   23920     -63900.349301
   23940     -63890.481424
   23960     -63898.660514
   23980     -63904.763825
   24000     -63914.299684
   24020     -63908.246814
   24040     -63899.093521
   24060     -63892.730893
   24080     -63896.618869
   24100     -63908.051703
   24120     -63918.702706
   24140     -63915.722495
   24160     -63902.529752
   24180     -63907.142887
   24200     -63910.518178
   24220     -63907.264540
   24240     -63917.851897
   24260     -63914.397221
   24280     -63908.742650
   24300     -63905.723077
   24320     -63902.328545
   24340     -63907.039952
   24360     -63912.462360
   24380     -63923.948342
   24400     -63916.167167
   24420     -63907.702418
   24440     -63921.686221
   24460     -63924.815113
   24480     -63916.245366
   24500     -63915.783720
   24520     -63918.455955
   24540     -63927.250038
   24560     -63928.257177
   24580     -63929.708904
   24600     -63934.391122
   24620     -63930.252076
   24640     -63932.972992
   24660     -63925.028877
   24680     -63927.720015
   24700     -63922.175904
   24720     -63916.795714
   24740     -63928.259471
   24760     -63933.210289
   24780     -63935.826858
   24800     -63935.429495
   24820     -63933.674437
   24840     -63926.782426
   24860     -63918.928999
   24880     -63935.197387
   24900     -63934.635826
   24920     -63916.306222
   24940     -63927.116751
   24960     -63928.168925
   24980     -63929.729477
   25000     -63943.456606
   25020     -63943.734807
   25040     -63938.232301
   25060     -63933.399099
   25080     -63934.773586
   25100     -63928.558142
   25120     -63941.504782
   25140     -63951.151203
   25160     -63939.916216
   25180     -63942.380166
   25200     -63949.860682
   25220     -63948.874525
   25240     -63948.655728
   25260     -63954.210796
   25280     -63960.766532
   25300     -63956.645194
   25320     -63947.225780
   25340     -63949.454979
   25360     -63954.161291
   25380     -63953.460072
   25400     -63954.332162
   25420     -63953.354298
   25440     -63952.260959
   25460     -63951.608787
   25480     -63961.083957
   25500     -63960.378721
   25520     -63958.557394
   25540     -63945.582146
   25560     -63959.611022
   25580     -63961.504174
   25600     -63958.734094
   25620     -63949.550567
   25640     -63955.122449
   25660     -63950.780651
   25680     -63963.139474
   25700     -63964.974424
   25720     -63962.164067
   25740     -63966.317713
   25760     -63965.473690
   25780     -63950.145571
   25800     -63955.441074
   25820     -63968.626894
   25840     -63970.110513
   25860     -63970.163541
   25880     -63975.307247
   25900     -63977.332879
   25920     -63966.765661
   25940     -63972.142451
   25960     -63972.462438
   25980     -63978.290286
   26000     -63977.206991
   26020     -63984.141224
   26040     -63984.275847
   26060     -63991.250961
   26080     -63992.688701
   26100     -64001.927864
   26120     -63998.900256
   26140     -64003.495244
   26160     -64005.227207
   26180     -64004.959704
   26200     -63994.493384
   26220     -64003.796371
   26240     -63994.832688
   26260     -63992.167641
   26280     -64000.935588
   26300     -63998.920798
   26320     -64002.163856
   26340     -64005.759415
   26360     -64009.292175
   26380     -64003.753996
   26400     -64012.455329
   26420     -64013.288282
   26440     -64016.697186
   26460     -64010.296735
   26480     -64004.250544
   26500     -64013.356719
   26520     -64015.859650
   26540     -64020.576940
   26560     -64013.574216
   26580     -64016.622809
   26600     -64017.191644
   26620     -64019.524697
   26640     -64020.975723
   26660     -64018.364368
   26680     -64015.639407
   26700     -64016.639616
   26720     -64029.782907
   26740     -64015.039767
   26760     -64025.055967
   26780     -64025.320419
   26800     -64030.374922
   26820     -64024.487501
   26840     -64023.184364
   26860     -64034.829026
   26880     -64026.128852
   26900     -64027.753789
   26920     -64030.405602
   26940     -64026.450931
   26960     -64020.281884
   26980     -64018.947072
   27000     -64034.238193
   27020     -64035.801106
   27040     -64031.431135
   27060     -64037.988468
   27080     -64041.915233
   27100     -64042.619073
   27120     -64040.418744
   27140     -64040.682213
   27160     -64038.832240
   27180     -64037.684885
   27200     -64029.243874
   27220     -64049.394770
   27240     -64044.129315
   27260     -64047.929852
   27280     -64046.224533
   27300     -64054.683130
   27320     -64052.629804
   27340     -64052.042348
   27360     -64052.769604
   27380     -64059.366630
   27400     -64054.865993
   27420     -64058.770782
   27440     -64053.146137
   27460     -64057.022015
   27480     -64047.465179
   27500     -64057.176213
   27520     -64047.110218
   27540     -64050.077397
   27560     -64054.500029
   27580     -64044.472602
   27600     -64059.295622
   27620     -64053.051939
   27640     -64051.134219
   27660     -64063.819810
   27680     -64062.533058
   27700     -64055.037945
   27720     -64063.438965
   27740     -64053.766838
   27760     -64068.910245
   27780     -64067.182576
   27800     -64070.228086
   27820     -64083.440054
   27840     -64083.707247
   27860     -64077.559795
   27880     -64069.914219
   27900     -64080.949853
   27920     -64072.034055
   27940     -64071.264098
   27960     -64073.898011
   27980     -64082.764454
   28000     -64089.472819
   28020     -64086.751686
   28040     -64088.375368
   28060     -64090.817528
   28080     -64098.535567
   28100     -64093.638936
   28120     -64101.356293
   28140     -64087.588988
   28160     -64097.272763
   28180     -64095.280847
   28200     -64088.782373
   28220     -64073.683176
   28240     -64082.495081
   28260     -64073.815669
   28280     -64073.552337
   28300     -64085.784345
   28320     -64083.772405
   28340     -64089.160219
   28360     -64090.800025
   28380     -64084.024773
   28400     -64093.367874
   28420     -64082.672668
   28440     -64088.437965
   28460     -64089.290543
   28480     -64078.872908
   28500     -64082.495806
   28520     -64106.540874
   28540     -64096.912262
   28560     -64106.029219
   28580     -64102.226383
   28600     -64101.974660
   28620     -64102.823711
   28640     -64107.186236
   28660     -64109.922164
   28680     -64118.322837
   28700     -64111.947883
   28720     -64116.296848
   28740     -64112.851628
   28760     -64120.987368
   28780     -64117.577755
   28800     -64122.798715
   28820     -64111.522538
   28840     -64124.940003
   28860     -64117.498558
   28880     -64122.623278
   28900     -64123.712018
   28920     -64125.062206
   28940     -64123.326164
   28960     -64120.986910
   28980     -64124.784912
   29000     -64127.985187
   29020     -64125.254594
   29040     -64127.883856
   29060     -64123.712486
   29080     -64144.884613
   29100     -64135.098416
   29120     -64121.044563
   29140     -64116.534950
   29160     -64110.944911
   29180     -64118.007547
   29200     -64118.220438
   29220     -64114.540952
   29240     -64123.984693
   29260     -64116.764628
   29280     -64129.223781
   29300     -64130.802335
   29320     -64121.343166
   29340     -64123.142976
   29360     -64117.122089
   29380     -64124.531508
   29400     -64133.155632
   29420     -64138.174099
   29440     -64142.382320
   29460     -64137.808589
   29480     -64141.537706
   29500     -64134.915121
   29520     -64127.831985
   29540     -64117.314067
   29560     -64123.287744
   29580     -64142.516277
   29600     -64146.744329
   29620     -64156.867722
   29640     -64153.151294
   29660     -64142.439799
   29680     -64150.906637
   29700     -64153.069369
   29720     -64146.794729
   29740     -64158.583398
   29760     -64161.274919
   29780     -64151.071210
   29800     -64158.554931
   29820     -64143.281864
   29840     -64148.320701
   29860     -64159.934803
   29880     -64165.279497
   29900     -64174.045997
   29920     -64175.270358
   29940     -64173.697524
   29960     -64175.800049
   29980     -64165.205604
   30000     -64172.824481
