   10000   -381.423007
   10020   -376.050454
   10040   -367.439662
   10060   -377.562214
   10080   -376.004888
   10100   -382.804998
   10120   -373.597404
   10140   -377.418758
   10160   -376.128965
   10180   -377.184677
   10200   -373.272300
   10220   -373.794276
   10240   -372.430111
   10260   -373.130957
   10280   -371.560392
   10300   -369.811663
   10320   -373.787621
   10340   -380.496665
   10360   -384.300431
   10380   -383.689828
   10400   -382.878991
   10420   -379.652770
   10440   -378.071364
   10460   -379.412538
   10480   -376.619065
   10500   -374.350603
   10520   -368.324656
   10540   -378.460568
   10560   -382.680459
   10580   -373.013772
   10600   -378.733675
   10620   -373.422782
   10640   -376.959922
   10660   -373.814455
   10680   -378.132424
   10700   -374.847036
   10720   -381.183232
   10740   -376.285376
   10760   -372.588256
   10780   -369.077805
   10800   -368.106970
   10820   -369.880951
   10840   -371.137894
   10860   -376.605759
   10880   -378.051309
   10900   -374.980106
   10920   -385.447279
   10940   -384.504771
   10960   -380.597130
   10980   -376.058044
   11000   -383.349842
   11020   -378.150746
   11040   -372.043666
   11060   -376.327501
   11080   -380.723431
   11100   -384.417303
   11120   -381.098488
   11140   -373.797453
   11160   -377.683829
   11180   -380.598046
   11200   -385.273797
   11220   -386.641301
   11240   -381.929336
   11260   -384.722037
   11280   -378.291806
   11300   -382.729295
   11320   -372.230124
   11340   -377.986591
   11360   -373.074076
   11380   -378.793862
   11400   -383.341990
   11420   -377.206506
   11440   -375.182251
   11460   -373.147208
   11480   -376.736210
   11500   -385.692414
   11520   -382.218977
   11540   -387.060071
   11560   -384.387243
   11580   -369.372196
   11600   -385.030126
   11620   -387.208262
   11640   -379.451334
   11660   -373.931610
   11680   -377.633250
   11700   -380.580926
   11720   -381.196496
   11740   -382.844745
   11760   -380.567985
   11780   -381.386191
   11800   -374.810822
   11820   -376.855799
   11840   -369.207446
   11860   -370.115717
   11880   -371.551474
   11900   -374.002118
   11920   -372.686678
   11940   -374.207092
   11960   -374.908605
   11980   -381.988523
   12000   -383.274531
   12020   -381.077002
   12040   -378.102456
   12060   -383.105420
   12080   -379.786983
   12100   -379.504799
   12120   -376.825113
   12140   -381.085497
   12160   -381.826698
   12180   -372.718911
   12200   -373.543182
   12220   -372.101148
   12240   -383.698259
   12260   -377.073108
   12280   -384.143867
   12300   -385.094239
   12320   -383.786834
   12340   -384.302897
   12360   -391.149245
   12380   -384.933848
   12400   -379.369710
   12420   -392.087020
   12440   -393.971816
   12460   -388.302666
   12480   -383.883828
   12500   -380.579891
   12520   -376.966600
   12540   -386.174437
   12560   -373.154957
   12580   -386.126511
   12600   -380.107424
   12620   -382.645771
   12640   -380.117767
   12660   -384.599232
   12680   -381.383325
   12700   -390.950224
   12720   -385.858402
   12740   -383.573775
   12760   -386.667621
   12780   -376.410226
   12800   -384.137963
   12820   -369.248047
   12840   -375.610626
   12860   -370.460037
   12880   -380.708231
   12900   -374.318101
   12920   -383.321259
   12940   -369.192134
   12960   -376.586316
   12980   -366.667944
   13000   -358.584825
   13020   -368.430323
   13040   -373.042349
   13060   -369.148993
   13080   -372.780088
   13100   -369.853596
   13120   -377.544861
   13140   -375.194229
   13160   -381.150919
   13180   -376.210291
   13200   -375.076860
   13220   -376.844779
   13240   -373.426867
   13260   -375.462868
   13280   -371.483375
   13300   -376.298639
   13320   -375.851836
   13340   -378.146043
   13360   -374.336961
   13380   -376.561077
   13400   -365.273673
   13420   -377.089809
   13440   -379.050393
   13460   -371.904963
   13480   -371.765407
   13500   -370.594659
   13520   -368.077467
   13540   -378.415660
   13560   -374.540339
   13580   -378.019333
   13600   -376.705746
   13620   -380.384686
   13640   -377.265435
   13660   -379.356449
   13680   -381.609048
   13700   -378.376974
   13720   -374.644960
   13740   -371.588298
   13760   -375.162987
   13780   -373.645167
   13800   -374.506278
   13820   -375.710933
   13840   -371.407125
   13860   -378.834214
   13880   -367.598641
   13900   -369.918200
   13920   -369.097926
   13940   -365.677786
   13960   -371.607774
   13980   -378.251096
   14000   -379.341735
   14020   -366.375155
   14040   -375.525067
   14060   -370.792836
   14080   -373.103877
   14100   -370.482780
   14120   -372.729802
   14140   -376.474782
   14160   -372.795618
   14180   -380.023281
   14200   -378.302132
   14220   -382.036049
   14240   -382.530803
   14260   -379.796312
   14280   -375.906775
   14300   -378.430144
   14320   -369.048970
   14340   -377.342448
   14360   -372.488778
   14380   -379.598123
   14400   -374.684610
   14420   -362.865262
   14440   -358.283355
   14460   -368.883497
   14480   -369.360597
   14500   -370.689570
   14520   -372.908349
   14540   -377.730704
   14560   -375.358848
   14580   -379.362885
   14600   -382.683491
   14620   -382.786060
   14640   -378.441995
   14660   -376.878947
   14680   -373.819114
   14700   -380.839471
   14720   -385.960250
   14740   -378.400828
   14760   -378.291997
   14780   -383.164661
   14800   -380.873982
   14820   -375.678700
   14840   -382.710271
   14860   -379.295047
   14880   -375.938094
   14900   -370.586913
   14920   -371.472573
   14940   -373.899532
   14960   -372.591455
   14980   -370.320769
   15000   -369.880437
   15020   -378.911031
   15040   -377.860164
   15060   -378.440767
   15080   -386.226818
   15100   -388.231914
   15120   -384.726533
   15140   -377.575579
   15160   -383.948232
   15180   -378.390478
   15200   -376.352224
   15220   -362.355719
   15240   -374.637336
   15260   -388.485187
   15280   -388.802166
   15300   -386.381108
   15320   -384.190514
   15340   -375.169332
   15360   -384.133309
   15380   -387.652647
   15400   -391.814061
   15420   -392.092638
   15440   -392.976267
   15460   -389.761186
   15480   -386.344070
   15500   -388.286261
   15520   -390.784942
   15540   -384.660785
   15560   -389.699740
   15580   -390.518187
   15600   -388.882141
   15620   -382.051395
   15640   -382.770307
   15660   -389.253324
   15680   -386.567192
   15700   -379.957142
   15720   -389.020498
   15740   -386.898847
   15760   -388.433958
   15780   -381.965739
   15800   -382.552639
   15820   -385.091882
   15840   -381.791885
   15860   -381.296242
   15880   -383.109673
   15900   -389.256199
   15920   -383.326838
   15940   -381.403401
   15960   -373.576734
   15980   -382.641089
   16000   -382.617745
   16020   -387.923700
   16040   -386.457889
   16060   -378.761598
   16080   -381.017999
   16100   -383.612264
   16120   -392.055292
   16140   -384.459220
   16160   -387.601653
   16180   -388.191489
   16200   -390.697280
   16220   -391.105912
   16240   -389.476549
   16260   -387.771985
   16280   -381.410488
   16300   -388.510007
   16320   -373.455869
   16340   -371.436397
   16360   -376.103887
   16380   -372.860854
   16400   -377.548161
   16420   -377.661435
   16440   -375.300675
   16460   -386.160531
   16480   -392.680096
   16500   -391.056081
   16520   -386.007814
   16540   -386.436197
   16560   -384.123771
   16580   -387.437410
   16600   -388.591403
   16620   -390.637301
   16640   -394.285358
   16660   -393.699400
   16680   -388.178943
   16700   -392.357985
   16720   -391.114085
   16740   -385.269207
   16760   -384.392636
   16780   -390.056511
   16800   -388.921044
   16820   -391.054180
   16840   -386.758027
   16860   -383.865930
   16880   -384.874796
   16900   -383.758012
   16920   -391.562011
   16940   -390.706291
   16960   -383.523367
   16980   -396.552666
   17000   -386.358845
   17020   -390.049956
   17040   -397.163127
   17060   -391.956955
   17080   -389.826183
   17100   -383.935501
   17120   -381.394065
   17140   -381.799408
   17160   -395.280260
   17180   -390.923178
   17200   -396.779055
   17220   -390.706345
   17240   -393.565294
   17260   -393.307349
   17280   -389.795227
   17300   -387.337060
   17320   -389.303736
   17340   -388.848979
   17360   -384.261519
   17380   -390.454785
   17400   -387.731925
   17420   -389.216909
   17440   -389.484956
   17460   -383.294017
   17480   -386.641400
   17500   -384.918504
   17520   -383.865047
   17540   -375.023160
   17560   -378.116626
   17580   -377.803554
   17600   -381.768595
   17620   -383.309167
   17640   -382.883044
   17660   -382.222260
   17680   -380.215154
   17700   -388.339465
   17720   -390.219686
   17740   -384.737348
   17760   -381.066008
   17780   -378.447627
   17800   -377.538780
   17820   -375.746807
   17840   -376.452133
   17860   -364.977669
   17880   -378.536722
   17900   -376.977694
   17920   -374.273311
   17940   -380.797665
   17960   -382.754106
   17980   -367.149255
   18000   -386.867426
   18020   -387.011219
   18040   -386.958750
   18060   -381.725415
   18080   -381.813880
   18100   -381.836293
   18120   -384.261337
   18140   -395.934735
   18160   -395.651996
   18180   -397.035204
   18200   -391.739055
   18220   -390.622160
   18240   -382.064110
   18260   -384.353609
   18280   -392.092507
   18300   -389.749311
   18320   -389.551199
   18340   -380.341174
   18360   -385.476418
   18380   -387.995077
   18400   -387.010891
   18420   -385.357603
   18440   -389.084907
   18460   -387.168594
   18480   -384.580141
   18500   -378.898642
   18520   -379.392304
   18540   -385.690343
   18560   -387.078014
   18580   -392.278540
   18600   -389.294268
   18620   -387.340079
   18640   -393.868082
   18660   -391.329064
   18680   -391.860836
   18700   -392.224254
   18720   -388.064843
   18740   -394.031371
   18760   -389.236492
   18780   -397.991791
   18800   -399.715747
   18820   -399.183114
   18840   -397.644298
   18860   -392.829503
   18880   -390.147912
   18900   -394.313517
   18920   -394.638274
   18940   -400.364220
   18960   -391.899492
   18980   -397.229454
   19000   -390.987290
   19020   -395.229360
   19040   -394.937523
   19060   -401.160010
   19080   -395.648000
   19100   -395.257766
   19120   -389.301460
   19140   -396.334912
   19160   -391.672930
   19180   -391.799584
   19200   -397.398888
   19220   -392.469336
   19240   -383.276397
   19260   -398.739332
   19280   -394.901784
   19300   -388.179934
   19320   -388.957916
   19340   -390.662300
   19360   -392.149933
   19380   -388.677152
   19400   -381.880499
   19420   -385.735193
   19440   -387.439933
   19460   -390.866897
   19480   -394.337838
   19500   -390.398154
   19520   -385.392090
   19540   -378.312882
   19560   -388.930147
   19580   -389.326004
   19600   -392.243797
   19620   -399.604927
   19640   -391.636769
   19660   -389.098012
   19680   -389.281750
   19700   -386.972924
   19720   -388.913432
   19740   -389.047052
   19760   -391.876376
   19780   -382.969629
   19800   -390.989689
   19820   -388.151180
   19840   -384.292057
   19860   -391.522199
   19880   -380.815078
   19900   -372.924641
   19920   -374.292381
   19940   -375.670430
   19960   -379.331613
   19980   -373.272653
   20000   -375.897306
