   10000   31208262.510586
   10020   31208263.442922
   10040   31207861.469027
   10060   30682329.616281
   10080   30682315.757062
   10100   30620016.590033
   10120   30620020.168800
   10140   30620016.786915
   10160   30619997.463590
   10180   30608952.315620
   10200   30608954.289510
   10220   30536830.174432
   10240   30476987.123075
   10260   29927382.126046
   10280   29798072.191386
   10300   29786506.500571
   10320   29777994.829647
   10340   29466655.541063
   10360   29135101.054412
   10380   28403152.057883
   10400   28398403.630442
   10420   27248315.994655
   10440   26996309.112572
   10460   26349403.717418
   10480   25943380.828001
   10500   24975203.560346
   10520   24568544.495930
   10540    9935818.457328
   10560     -48880.765792
   10580     -60681.582853
   10600     -60777.300552
   10620     -60816.775673
   10640     -60843.895270
   10660     -60878.907895
   10680     -60903.278914
   10700     -60912.526474
   10720     -60939.181177
   10740     -60936.400575
   10760     -60972.383751
   10780     -60990.950994
   10800     -60981.352602
   10820     -61069.309994
   10840     -61085.822069
   10860     -61113.544937
   10880     -61118.414910
   10900     -61125.009173
   10920     -61163.954674
   10940     -61174.849318
   10960     -61181.957903
   10980     -61222.118557
   11000     -61243.438609
   11020     -61250.949975
   11040     -61280.464303
   11060     -61282.680385
   11080     -61300.676698
   11100     -61300.447682
   11120     -61333.680949
   11140     -61363.547167
   11160     -61364.424845
   11180     -61387.172564
   11200     -61402.296083
   11220     -61409.374349
   11240     -61405.867917
   11260     -61435.874401
   11280     -61462.900530
   11300     -61473.490432
   11320     -61465.751620
   11340     -61458.734071
   11360     -61482.983318
   11380     -61490.901315
   11400     -61510.332304
   11420     -61496.915541
   11440     -61509.265832
   11460     -61518.992147
   11480     -61535.485195
   11500     -61550.838162
   11520     -61551.961262
   11540     -61568.565282
   11560     -61563.014334
   11580     -61581.702151
   11600     -61589.308278
   11620     -61595.650503
   11640     -61606.955700
   11660     -61597.990474
   11680     -61621.087733
   11700     -61616.424668
   11720     -61615.890392
   11740     -61626.641143
   11760     -61637.635816
   11780     -61643.022442
   11800     -61632.909192
   11820     -61659.176214
   11840     -61661.898724
   11860     -61654.978682
   11880     -61660.817406
   11900     -61664.489009
   11920     -61678.782908
   11940     -61668.005427
   11960     -61682.183902
   11980     -61705.465799
   12000     -61710.211481
   12020     -61713.882433
   12040     -61708.204960
   12060     -61717.364666
   12080     -61725.998267
   12100     -61745.884278
   12120     -61752.183134
   12140     -61762.932246
   12160     -61767.561915
   12180     -61762.248991
   12200     -61785.894511
   12220     -61771.938146
   12240     -61784.513512
   12260     -61781.621958
   12280     -61780.684233
   12300     -61777.087230
   12320     -61791.485260
   12340     -61800.560495
   12360     -61813.609300
   12380     -61819.965980
   12400     -61858.050847
   12420     -61842.022479
   12440     -61855.611111
   12460     -61852.810540
   12480     -61855.232796
   12500     -61884.819618
   12520     -61905.343359
   12540     -61912.477788
   12560     -61920.141212
   12580     -61936.911123
   12600     -61932.469572
   12620     -61944.084200
   12640     -61944.367285
   12660     -61938.948410
   12680     -61952.172392
   12700     -61953.739862
   12720     -61953.592621
   12740     -61960.088458
   12760     -61970.301015
   12780     -61970.149998
   12800     -61981.149414
   12820     -61965.404622
   12840     -61970.815139
   12860     -61969.083340
   12880     -61996.700204
   12900     -62009.430198
   12920     -62019.230392
   12940     -62039.410062
   12960     -62048.022371
   12980     -62065.325064
   13000     -62064.875911
   13020     -62070.206798
   13040     -62090.073376
   13060     -62077.383547
   13080     -62066.809596
   13100     -62090.083559
   13120     -62090.994815
   13140     -62099.990067
   13160     -62100.582056
   13180     -62098.269948
   13200     -62109.954163
   13220     -62120.095131
   13240     -62122.555537
   13260     -62133.402726
   13280     -62141.743473
   13300     -62144.011614
   13320     -62160.232267
   13340     -62163.772489
   13360     -62154.039432
   13380     -62154.577163
   13400     -62152.174959
   13420     -62152.168103
   13440     -62155.650616
   13460     -62174.123232
   13480     -62173.781422
   13500     -62178.110275
   13520     -62186.539829
   13540     -62177.552323
   13560     -62188.119277
   13580     -62182.661095
   13600     -62189.185568
   13620     -62201.375446
   13640     -62187.870039
   13660     -62198.677226
   13680     -62197.125649
   13700     -62207.496845
   13720     -62226.645861
   13740     -62257.932090
   13760     -62249.355674
   13780     -62281.447250
   13800     -62278.785960
   13820     -62272.629179
   13840     -62304.789577
   13860     -62318.037552
   13880     -62329.188020
   13900     -62326.043194
   13920     -62329.878669
   13940     -62335.373914
   13960     -62354.286827
   13980     -62333.504706
   14000     -62353.320995
   14020     -62354.629914
   14040     -62355.453235
   14060     -62350.110082
   14080     -62354.286350
   14100     -62357.454020
   14120     -62365.142642
   14140     -62372.035579
   14160     -62361.143298
   14180     -62372.309381
   14200     -62362.941617
   14220     -62359.115432
   14240     -62384.401267
   14260     -62372.681464
   14280     -62393.893222
   14300     -62398.754388
   14320     -62396.207889
   14340     -62405.493092
   14360     -62394.703909
   14380     -62402.667127
   14400     -62404.561964
   14420     -62405.649506
   14440     -62399.485331
   14460     -62392.716401
   14480     -62411.119519
   14500     -62412.792340
   14520     -62414.638591
   14540     -62437.199076
   14560     -62453.536841
   14580     -62440.867325
   14600     -62449.910281
   14620     -62467.605672
   14640     -62482.433181
   14660     -62480.314802
   14680     -62482.222129
   14700     -62471.404391
   14720     -62462.327578
   14740     -62468.588594
   14760     -62462.084132
   14780     -62497.424279
   14800     -62511.148012
   14820     -62508.630576
   14840     -62510.280044
   14860     -62514.974995
   14880     -62526.775093
   14900     -62522.347716
   14920     -62531.601589
   14940     -62526.906109
   14960     -62530.277753
   14980     -62533.124315
   15000     -62535.651127
   15020     -62550.964770
   15040     -62551.387897
   15060     -62543.673619
   15080     -62538.683461
   15100     -62546.207319
   15120     -62555.509955
   15140     -62567.498149
   15160     -62563.432286
   15180     -62568.593192
   15200     -62572.451152
   15220     -62577.998056
   15240     -62584.352771
   15260     -62617.003852
   15280     -62632.465373
   15300     -62601.208826
   15320     -62609.885544
   15340     -62640.630442
   15360     -62621.540651
   15380     -62636.316986
   15400     -62627.729549
   15420     -62642.888529
   15440     -62635.028530
   15460     -62637.041591
   15480     -62628.174655
   15500     -62630.156718
   15520     -62641.764545
   15540     -62646.385481
   15560     -62656.977021
   15580     -62662.687101
   15600     -62665.991202
   15620     -62669.737501
   15640     -62674.466587
   15660     -62657.343178
   15680     -62667.571562
   15700     -62680.682766
   15720     -62677.774241
   15740     -62658.295641
   15760     -62661.718133
   15780     -62674.215437
   15800     -62647.875161
   15820     -62678.097727
   15840     -62685.012824
   15860     -62693.767319
   15880     -62676.112442
   15900     -62673.068652
   15920     -62678.850091
   15940     -62682.158545
   15960     -62692.401701
   15980     -62698.781159
   16000     -62704.128309
   16020     -62702.831025
   16040     -62702.642153
   16060     -62711.284057
   16080     -62708.252949
   16100     -62708.795695
   16120     -62723.918353
   16140     -62721.784446
   16160     -62717.202321
   16180     -62730.116600
   16200     -62735.063837
   16220     -62737.455505
   16240     -62731.541990
   16260     -62751.857741
   16280     -62752.718304
   16300     -62750.001457
   16320     -62748.027436
   16340     -62746.537732
   16360     -62759.614452
   16380     -62787.280106
   16400     -62785.023987
   16420     -62787.921776
   16440     -62777.524854
   16460     -62788.540437
   16480     -62785.585244
   16500     -62777.753749
   16520     -62779.479255
   16540     -62796.316423
   16560     -62787.380847
   16580     -62784.494052
   16600     -62802.775579
   16620     -62802.135997
   16640     -62814.094607
   16660     -62816.032008
   16680     -62823.492887
   16700     -62810.880988
   16720     -62824.164499
   16740     -62820.303817
   16760     -62831.099635
   16780     -62824.340342
   16800     -62814.316781
   16820     -62831.546370
   16840     -62835.945772
   16860     -62833.495937
   16880     -62827.827067
   16900     -62858.548741
   16920     -62847.907520
   16940     -62841.907751
   16960     -62872.648356
   16980     -62873.952885
   17000     -62878.898725
   17020     -62873.221201
   17040     -62880.872539
   17060     -62892.169002
   17080     -62881.195376
   17100     -62898.073378
   17120     -62890.743070
   17140     -62895.254707
   17160     -62881.158015
   17180     -62888.033369
   17200     -62891.006358
   17220     -62903.259039
   17240     -62912.539360
   17260     -62890.606570
   17280     -62925.902449
   17300     -62912.626760
   17320     -62918.093873
   17340     -62937.394901
   17360     -62929.527682
   17380     -62918.618808
   17400     -62930.321352
   17420     -62920.743169
   17440     -62926.185873
   17460     -62915.634021
   17480     -62925.335113
   17500     -62920.411388
   17520     -62915.905982
   17540     -62931.642858
   17560     -62944.399391
   17580     -62944.328853
   17600     -62950.752947
   17620     -62951.058341
   17640     -62947.597584
   17660     -62949.802273
   17680     -62938.807250
   17700     -62956.639892
   17720     -62956.736525
   17740     -62955.681532
   17760     -62957.128451
   17780     -62963.191077
   17800     -62984.715431
   17820     -62982.547058
   17840     -62987.739694
   17860     -62970.672359
   17880     -62986.467431
   17900     -62978.574899
   17920     -62987.096218
   17940     -62975.621198
   17960     -62995.078745
   17980     -62990.341342
   18000     -63003.034759
   18020     -63003.680855
   18040     -62992.337084
   18060     -62985.063184
   18080     -62974.779566
   18100     -63006.382678
   18120     -62996.867987
   18140     -63008.214184
   18160     -63007.458884
   18180     -63004.837744
   18200     -63027.776774
   18220     -63029.613629
   18240     -63016.579201
   18260     -63033.740229
   18280     -63022.523891
   18300     -63027.478304
   18320     -63031.130625
   18340     -63030.876089
   18360     -63043.070618
   18380     -63020.753902
   18400     -63035.858004
   18420     -63044.372229
   18440     -63032.422197
   18460     -63033.628018
   18480     -63024.758351
   18500     -63038.615198
   18520     -63031.071592
   18540     -63046.621755
   18560     -63044.955428
   18580     -63048.708730
   18600     -63048.924419
   18620     -63058.135991
   18640     -63053.820236
   18660     -63051.934356
   18680     -63045.862726
   18700     -63057.643173
   18720     -63074.640961
   18740     -63095.256870
   18760     -63094.775377
   18780     -63095.341183
   18800     -63091.093604
   18820     -63090.163433
   18840     -63091.224459
   18860     -63103.302256
   18880     -63094.515234
   18900     -63109.407430
   18920     -63117.305337
   18940     -63113.735283
   18960     -63109.746464
   18980     -63117.455552
   19000     -63109.054433
   19020     -63106.765634
   19040     -63121.515577
   19060     -63135.004987
   19080     -63133.094602
   19100     -63136.748480
   19120     -63113.194850
   19140     -63133.260206
   19160     -63139.620535
   19180     -63130.026609
   19200     -63134.311193
   19220     -63124.933378
   19240     -63130.995643
   19260     -63140.286285
   19280     -63130.724658
   19300     -63138.173723
   19320     -63151.693553
   19340     -63165.873459
   19360     -63162.450728
   19380     -63168.175563
   19400     -63175.767015
   19420     -63179.887364
   19440     -63180.524434
   19460     -63186.242047
   19480     -63189.308484
   19500     -63189.623528
   19520     -63182.974435
   19540     -63193.318579
   19560     -63199.699333
   19580     -63183.213039
   19600     -63188.062248
   19620     -63190.018729
   19640     -63185.951512
   19660     -63202.820188
   19680     -63211.420311
   19700     -63190.894906
   19720     -63200.273351
   19740     -63204.281087
   19760     -63213.931894
   19780     -63210.609197
   19800     -63223.625404
   19820     -63224.931921
   19840     -63212.657198
   19860     -63215.805433
   19880     -63202.337986
   19900     -63207.656663
   19920     -63220.673110
   19940     -63219.381279
   19960     -63242.474199
   19980     -63234.694692
   20000     -63213.110124
   20020     -63223.073699
   20040     -63235.458135
   20060     -63234.442912
   20080     -63231.762888
   20100     -63235.612879
   20120     -63238.689388
   20140     -63240.615260
   20160     -63255.135894
   20180     -63257.278071
   20200     -63270.323318
   20220     -63270.379297
   20240     -63257.026671
   20260     -63264.635741
   20280     -63252.217216
   20300     -63268.493077
   20320     -63262.615009
   20340     -63264.363346
   20360     -63294.003608
   20380     -63297.069464
   20400     -63302.140877
   20420     -63310.562672
   20440     -63302.628097
   20460     -63306.816661
   20480     -63306.955672
   20500     -63303.020724
   20520     -63299.504904
   20540     -63307.159453
   20560     -63310.329027
   20580     -63324.709254
   20600     -63333.747234
   20620     -63322.483552
   20640     -63324.115599
   20660     -63334.643311
   20680     -63344.927453
   20700     -63334.842627
   20720     -63337.371490
   20740     -63346.597741
   20760     -63337.783632
   20780     -63329.365546
   20800     -63332.448594
   20820     -63334.264014
   20840     -63334.482977
   20860     -63328.896116
   20880     -63317.210141
   20900     -63323.442542
   20920     -63323.087154
   20940     -63330.523555
   20960     -63337.623975
   20980     -63337.081867
   21000     -63347.434568
   21020     -63358.328520
   21040     -63360.109676
   21060     -63360.491315
   21080     -63354.732721
   21100     -63356.442466
   21120     -63356.681061
   21140     -63367.469846
   21160     -63379.357272
   21180     -63377.462856
   21200     -63376.821159
   21220     -63375.500956
   21240     -63377.165827
   21260     -63383.404742
   21280     -63388.908895
   21300     -63375.947480
   21320     -63352.341398
   21340     -63379.890136
   21360     -63376.247592
   21380     -63377.639528
   21400     -63375.394952
   21420     -63384.529278
   21440     -63383.452252
   21460     -63391.512457
   21480     -63389.220073
   21500     -63390.398725
   21520     -63384.734674
   21540     -63392.318909
   21560     -63412.968470
   21580     -63409.946060
   21600     -63400.494788
   21620     -63415.812258
   21640     -63414.888586
   21660     -63405.536787
   21680     -63414.378834
   21700     -63425.089872
   21720     -63427.664395
   21740     -63443.215286
   21760     -63445.235611
   21780     -63443.692804
   21800     -63433.402844
   21820     -63430.332620
   21840     -63441.385851
   21860     -63441.019107
   21880     -63445.199446
   21900     -63439.414601
   21920     -63451.532804
   21940     -63438.751260
   21960     -63450.830995
   21980     -63444.026503
   22000     -63427.654761
   22020     -63450.218903
   22040     -63424.812738
   22060     -63440.087580
   22080     -63455.715818
   22100     -63450.479463
   22120     -63451.882623
   22140     -63423.902878
   22160     -63440.625265
   22180     -63446.800194
   22200     -63427.040724
   22220     -63441.938151
   22240     -63443.506703
   22260     -63451.391358
   22280     -63447.394740
   22300     -63434.572542
   22320     -63474.115509
   22340     -63473.533679
   22360     -63473.546324
   22380     -63460.522888
   22400     -63474.872969
   22420     -63465.723070
   22440     -63470.053232
   22460     -63477.833425
   22480     -63474.421863
   22500     -63450.392628
   22520     -63490.704547
   22540     -63485.986343
   22560     -63494.895694
   22580     -63494.016566
   22600     -63471.398995
   22620     -63476.645459
   22640     -63478.382093
   22660     -63481.568330
   22680     -63487.741898
   22700     -63495.822474
   22720     -63503.963878
   22740     -63496.780897
   22760     -63484.033459
   22780     -63480.386505
   22800     -63485.751273
   22820     -63508.798522
   22840     -63515.018865
   22860     -63507.400004
   22880     -63496.828481
   22900     -63508.046079
   22920     -63512.022613
   22940     -63529.549294
   22960     -63518.391407
   22980     -63517.476910
   23000     -63510.678031
   23020     -63525.411300
   23040     -63506.442351
   23060     -63514.416266
   23080     -63540.436344
   23100     -63517.669871
   23120     -63531.989995
   23140     -63520.734125
   23160     -63522.207685
   23180     -63522.233723
   23200     -63521.537333
   23220     -63516.213722
   23240     -63519.712040
   23260     -63516.989274
   23280     -63544.068747
   23300     -63525.882261
   23320     -63542.028421
   23340     -63528.447885
   23360     -63523.558197
   23380     -63521.434738
   23400     -63534.003151
   23420     -63523.834015
   23440     -63541.670822
   23460     -63534.571482
   23480     -63548.009870
   23500     -63560.781720
   23520     -63557.811099
   23540     -63570.759135
   23560     -63569.510352
   23580     -63559.796690
   23600     -63563.194872
   23620     -63553.002396
   23640     -63553.201272
   23660     -63545.149524
   23680     -63565.195744
   23700     -63580.519631
   23720     -63577.779053
   23740     -63584.153693
   23760     -63582.965024
   23780     -63571.508850
   23800     -63576.487575
   23820     -63578.535295
   23840     -63585.019274
   23860     -63582.462609
   23880     -63588.804470
   23900     -63585.406519
   23920     -63588.231303
   23940     -63593.536201
   23960     -63581.435171
   23980     -63604.334861
   24000     -63589.436032
   24020     -63596.463148
   24040     -63599.430135
   24060     -63620.704957
   24080     -63608.550893
   24100     -63619.788800
   24120     -63633.280191
   24140     -63631.008966
   24160     -63629.401407
   24180     -63619.949946
   24200     -63634.037129
   24220     -63629.611789
   24240     -63627.319273
   24260     -63640.915268
   24280     -63643.244203
   24300     -63635.937355
   24320     -63634.912353
   24340     -63642.650391
   24360     -63628.357386
   24380     -63642.106595
   24400     -63629.710271
   24420     -63635.478765
   24440     -63614.951838
   24460     -63627.503325
   24480     -63626.001862
   24500     -63636.267667
   24520     -63635.415172
   24540     -63647.718275
   24560     -63643.475282
   24580     -63647.786302
   24600     -63641.784108
   24620     -63651.531360
   24640     -63653.628987
   24660     -63653.467548
   24680     -63649.923065
   24700     -63638.435858
   24720     -63663.807268
   24740     -63666.861511
   24760     -63681.533256
   24780     -63669.633465
   24800     -63656.021757
   24820     -63680.528602
   24840     -63679.879066
   24860     -63678.078504
   24880     -63675.654356
   24900     -63690.550259
   24920     -63688.234773
   24940     -63699.635018
   24960     -63689.867080
   24980     -63697.442961
   25000     -63698.764693
   25020     -63691.516124
   25040     -63693.515580
   25060     -63691.351687
   25080     -63697.517818
   25100     -63694.524469
   25120     -63699.119960
   25140     -63695.945915
   25160     -63696.681222
   25180     -63694.073164
   25200     -63698.702305
   25220     -63696.886129
   25240     -63695.628125
   25260     -63685.796591
   25280     -63680.700943
   25300     -63702.709780
   25320     -63706.503715
   25340     -63697.846189
   25360     -63690.952345
   25380     -63700.496960
   25400     -63706.942646
   25420     -63710.152787
   25440     -63697.980880
   25460     -63695.840079
   25480     -63715.922549
   25500     -63723.525706
   25520     -63713.236382
   25540     -63696.559941
   25560     -63708.041374
   25580     -63701.895004
   25600     -63701.442108
   25620     -63693.367373
   25640     -63688.812103
   25660     -63691.207859
   25680     -63696.466301
   25700     -63701.816686
   25720     -63710.456560
   25740     -63712.755454
   25760     -63711.255343
   25780     -63691.773041
   25800     -63707.884072
   25820     -63725.299722
   25840     -63731.186420
   25860     -63751.170817
   25880     -63752.161178
   25900     -63744.221597
   25920     -63747.032950
   25940     -63742.682934
   25960     -63731.049881
   25980     -63746.707282
   26000     -63748.807180
   26020     -63748.250820
   26040     -63737.809716
   26060     -63740.792597
   26080     -63751.359024
   26100     -63761.099567
   26120     -63725.088795
   26140     -63754.357494
   26160     -63762.811440
   26180     -63765.348075
   26200     -63773.740374
   26220     -63771.935953
   26240     -63774.275925
   26260     -63771.015861
   26280     -63789.577211
   26300     -63780.827631
   26320     -63799.358096
   26340     -63770.178695
   26360     -63785.132710
   26380     -63791.364085
   26400     -63788.159730
   26420     -63788.137977
   26440     -63783.526675
   26460     -63795.049945
   26480     -63795.848858
   26500     -63805.704066
   26520     -63783.510703
   26540     -63797.786547
   26560     -63802.910611
   26580     -63807.251373
   26600     -63782.250081
   26620     -63811.566429
   26640     -63820.256309
   26660     -63819.876581
   26680     -63817.140002
   26700     -63809.789322
   26720     -63820.564826
   26740     -63826.093544
   26760     -63812.890892
   26780     -63812.074452
   26800     -63827.476901
   26820     -63820.158788
   26840     -63825.320365
   26860     -63828.227509
   26880     -63822.571180
   26900     -63817.056315
   26920     -63830.965724
   26940     -63829.529808
   26960     -63837.037905
   26980     -63825.102609
   27000     -63824.185530
   27020     -63815.513301
   27040     -63835.164897
   27060     -63846.073046
   27080     -63846.958088
   27100     -63848.103311
   27120     -63853.516727
   27140     -63860.378338
   27160     -63862.631613
   27180     -63847.535992
   27200     -63857.106469
   27220     -63849.964100
   27240     -63865.256631
   27260     -63871.237039
   27280     -63875.652084
   27300     -63860.989379
   27320     -63875.217700
   27340     -63875.160327
   27360     -63865.942244
   27380     -63890.169853
   27400     -63875.285641
   27420     -63891.743644
   27440     -63896.608435
   27460     -63895.279420
   27480     -63881.277932
   27500     -63876.749657
   27520     -63888.012882
   27540     -63867.569008
   27560     -63898.639646
   27580     -63895.922588
   27600     -63890.633743
   27620     -63906.836632
   27640     -63897.238772
   27660     -63895.938130
   27680     -63901.891671
   27700     -63902.851405
   27720     -63898.796565
   27740     -63892.082224
   27760     -63883.582652
   27780     -63883.531110
   27800     -63888.889251
   27820     -63900.875526
   27840     -63888.175402
   27860     -63908.573355
   27880     -63914.106176
   27900     -63901.596037
   27920     -63899.292000
   27940     -63903.321338
   27960     -63912.639007
   27980     -63913.657256
   28000     -63914.378766
   28020     -63924.263592
   28040     -63907.401765
   28060     -63911.936535
   28080     -63922.738672
   28100     -63931.299120
   28120     -63926.186512
   28140     -63929.379263
   28160     -63925.798275
   28180     -63907.743034
   28200     -63928.087170
   28220     -63930.054032
   28240     -63943.093569
   28260     -63946.209763
   28280     -63939.144319
   28300     -63933.701074
   28320     -63932.442360
   28340     -63941.322215
   28360     -63947.754404
   28380     -63937.432965
   28400     -63945.153010
   28420     -63949.370484
   28440     -63942.357013
   28460     -63937.808968
   28480     -63940.941229
   28500     -63946.427314
   28520     -63947.925180
   28540     -63942.734819
   28560     -63955.963351
   28580     -63952.925948
   28600     -63954.701592
   28620     -63965.982069
   28640     -63954.520303
   28660     -63957.383593
   28680     -63926.254896
   28700     -63943.775791
   28720     -63954.040316
   28740     -63949.315349
   28760     -63944.525227
   28780     -63954.856289
   28800     -63948.750766
   28820     -63952.854937
   28840     -63968.975126
   28860     -63955.912981
   28880     -63954.412785
   28900     -63959.389835
   28920     -63943.624897
   28940     -63951.923114
   28960     -63975.187311
   28980     -63983.703701
   29000     -63987.502208
   29020     -63969.320294
   29040     -63969.275915
   29060     -63977.248721
   29080     -63969.898425
   29100     -63973.085204
   29120     -63973.329161
   29140     -63984.967526
   29160     -63976.617802
   29180     -63968.583999
   29200     -63975.427494
   29220     -63977.554119
   29240     -63972.879031
   29260     -63986.554894
   29280     -63986.066568
   29300     -63975.140608
   29320     -63974.311880
   29340     -63983.290180
   29360     -63991.340610
   29380     -63981.846805
   29400     -63972.034889
   29420     -63968.449465
   29440     -63980.220722
   29460     -63979.351646
   29480     -63993.572958
   29500     -63991.780502
   29520     -63981.138115
   29540     -63980.757374
   29560     -63973.837974
   29580     -63993.025178
   29600     -63993.605023
   29620     -63994.295923
   29640     -64000.824748
   29660     -63999.913217
   29680     -63991.433241
   29700     -63999.712796
   29720     -63991.156954
   29740     -63976.815091
   29760     -64006.825862
   29780     -64013.043572
   29800     -64008.692115
   29820     -64010.568097
   29840     -64021.601062
   29860     -64006.940599
   29880     -64010.747697
   29900     -64025.334320
   29920     -64037.277555
   29940     -64022.396533
   29960     -64012.592500
   29980     -64029.995682
   30000     -64038.516228
