   10000     -63262.615054
   10020     -63268.588446
   10040     -63273.811345
   10060     -63274.010382
   10080     -63278.963024
   10100     -63285.051754
   10120     -63289.494782
   10140     -63293.929229
   10160     -63292.252879
   10180     -63298.621988
   10200     -63309.653079
   10220     -63300.192825
   10240     -63309.868747
   10260     -63307.856358
   10280     -63318.955086
   10300     -63323.889108
   10320     -63332.730881
   10340     -63330.663009
   10360     -63331.735452
   10380     -63329.783738
   10400     -63331.715982
   10420     -63331.812849
   10440     -63341.715474
   10460     -63349.302783
   10480     -63349.254396
   10500     -63353.571695
   10520     -63366.238137
   10540     -63363.162336
   10560     -63368.969626
   10580     -63361.209143
   10600     -63363.604750
   10620     -63369.695114
   10640     -63373.318798
   10660     -63374.355480
   10680     -63375.850795
   10700     -63380.904052
   10720     -63375.453457
   10740     -63377.935880
   10760     -63369.810306
   10780     -63364.867078
   10800     -63374.213158
   10820     -63379.947701
   10840     -63378.670966
   10860     -63386.163637
   10880     -63380.999823
   10900     -63382.599014
   10920     -63399.393260
   10940     -63402.332825
   10960     -63403.950139
   10980     -63402.452259
   11000     -63401.776992
   11020     -63412.123700
   11040     -63407.433619
   11060     -63407.627125
   11080     -63413.360920
   11100     -63422.448398
   11120     -63426.355757
   11140     -63426.417839
   11160     -63427.717101
   11180     -63426.750472
   11200     -63431.248545
   11220     -63423.075811
   11240     -63425.938996
   11260     -63436.944757
   11280     -63444.697212
   11300     -63443.216021
   11320     -63440.847362
   11340     -63442.965405
   11360     -63447.923007
   11380     -63440.786297
   11400     -63448.674768
   11420     -63448.441925
   11440     -63445.262934
   11460     -63457.210982
   11480     -63467.921466
   11500     -63445.254150
   11520     -63468.822056
   11540     -63477.477389
   11560     -63497.396197
   11580     -63491.519297
   11600     -63497.736634
   11620     -63499.827894
   11640     -63523.041209
   11660     -63514.094515
   11680     -63512.578806
   11700     -63524.702591
   11720     -63530.514624
   11740     -63539.369772
   11760     -63543.142187
   11780     -63539.804054
   11800     -63543.222510
   11820     -63541.439600
   11840     -63546.042275
   11860     -63538.521392
   11880     -63551.009335
   11900     -63549.546043
   11920     -63552.276494
   11940     -63550.900860
   11960     -63555.345587
   11980     -63543.161520
   12000     -63557.448548
   12020     -63557.857212
   12040     -63554.853306
   12060     -63562.636415
   12080     -63564.369517
   12100     -63562.289172
   12120     -63567.164579
   12140     -63560.566097
   12160     -63557.562105
   12180     -63564.856377
   12200     -63567.442292
   12220     -63581.823859
   12240     -63576.146580
   12260     -63579.120794
   12280     -63570.663474
   12300     -63585.880213
   12320     -63581.329438
   12340     -63579.060415
   12360     -63591.296601
   12380     -63598.213046
   12400     -63598.016064
   12420     -63590.761553
   12440     -63589.796236
   12460     -63597.006574
   12480     -63602.815139
   12500     -63603.501001
   12520     -63594.061404
   12540     -63595.588071
   12560     -63604.294358
   12580     -63603.518096
   12600     -63608.580668
   12620     -63612.838728
   12640     -63610.323704
   12660     -63611.746064
   12680     -63620.900248
   12700     -63614.848283
   12720     -63621.186113
   12740     -63622.671830
   12760     -63631.769694
   12780     -63630.291148
   12800     -63636.455410
   12820     -63623.727916
   12840     -63642.955191
   12860     -63644.543577
   12880     -63638.089798
   12900     -63643.329253
   12920     -63645.804860
   12940     -63645.823018
   12960     -63663.333978
   12980     -63666.766002
   13000     -63663.260453
   13020     -63657.477822
   13040     -63662.116818
   13060     -63664.952900
   13080     -63666.414625
   13100     -63669.065231
   13120     -63665.049948
   13140     -63675.824169
   13160     -63674.100005
   13180     -63679.823068
   13200     -63672.484790
   13220     -63679.754865
   13240     -63674.810251
   13260     -63684.971507
   13280     -63682.650176
   13300     -63691.667378
   13320     -63693.510713
   13340     -63683.031797
   13360     -63688.160706
   13380     -63693.456600
   13400     -63695.530435
   13420     -63703.321376
   13440     -63698.908240
   13460     -63698.138499
   13480     -63694.532897
   13500     -63717.008281
   13520     -63716.049806
   13540     -63717.230423
   13560     -63702.776611
   13580     -63707.126664
   13600     -63712.537595
   13620     -63717.496383
   13640     -63714.838005
   13660     -63711.325400
   13680     -63723.083649
   13700     -63728.322360
   13720     -63721.547229
   13740     -63730.935643
   13760     -63736.745789
   13780     -63739.801183
   13800     -63733.056219
   13820     -63733.845998
   13840     -63735.591148
   13860     -63737.109595
   13880     -63728.825197
   13900     -63735.536443
   13920     -63749.317543
   13940     -63746.248876
   13960     -63747.051566
   13980     -63746.037650
   14000     -63740.429873
   14020     -63747.453722
   14040     -63753.883694
   14060     -63747.699610
   14080     -63753.621532
   14100     -63759.360070
   14120     -63757.471678
   14140     -63770.470846
   14160     -63772.714737
   14180     -63772.149587
   14200     -63770.421141
   14220     -63779.816008
   14240     -63785.250827
   14260     -63786.287812
   14280     -63784.446984
   14300     -63781.892682
   14320     -63779.468659
   14340     -63785.312598
   14360     -63795.603657
   14380     -63798.302138
   14400     -63801.794786
   14420     -63799.840441
   14440     -63801.348173
   14460     -63803.704003
   14480     -63808.087761
   14500     -63813.519196
   14520     -63808.604816
   14540     -63814.322534
   14560     -63808.402503
   14580     -63807.401857
   14600     -63813.045302
   14620     -63818.406511
   14640     -63818.309438
   14660     -63817.775776
   14680     -63822.375374
   14700     -63823.663011
   14720     -63823.465737
   14740     -63835.526208
   14760     -63835.880729
   14780     -63833.624665
   14800     -63833.728140
   14820     -63836.282313
   14840     -63836.389602
   14860     -63837.718400
   14880     -63836.778678
   14900     -63840.762636
   14920     -63834.021551
   14940     -63837.595700
   14960     -63845.543240
   14980     -63843.726466
   15000     -63846.355632
   15020     -63847.960770
   15040     -63857.065652
   15060     -63857.905839
   15080     -63854.616424
   15100     -63856.376921
   15120     -63869.188392
   15140     -63867.438525
   15160     -63870.363587
   15180     -63874.453036
   15200     -63874.605685
   15220     -63881.553303
   15240     -63876.541237
   15260     -63876.664929
   15280     -63880.487089
   15300     -63888.439467
   15320     -63896.943227
   15340     -63897.848729
   15360     -63897.078684
   15380     -63898.358408
   15400     -63901.035310
   15420     -63902.001362
   15440     -63894.493042
   15460     -63896.577490
   15480     -63909.789044
   15500     -63905.263368
   15520     -63902.410329
   15540     -63905.810740
   15560     -63922.025186
   15580     -63927.667425
   15600     -63925.496213
   15620     -63929.364618
   15640     -63937.642098
   15660     -63929.732545
   15680     -63933.228622
   15700     -63926.728106
   15720     -63932.652581
   15740     -63931.771330
   15760     -63933.635431
   15780     -63934.391700
   15800     -63925.463518
   15820     -63931.632356
   15840     -63936.602426
   15860     -63948.586190
   15880     -63945.892731
   15900     -63948.409527
   15920     -63955.023428
   15940     -63951.289396
   15960     -63960.078944
   15980     -63967.003770
   16000     -63967.188154
   16020     -63961.847532
   16040     -63969.509644
   16060     -63963.776441
   16080     -63954.556317
   16100     -63962.121186
   16120     -63974.043118
   16140     -63980.740569
   16160     -63973.058817
   16180     -63973.562403
   16200     -63980.353660
   16220     -63985.070264
   16240     -63987.731667
   16260     -63986.860470
   16280     -63985.589682
   16300     -63980.603162
   16320     -63984.415316
   16340     -63983.717953
   16360     -63994.794072
   16380     -63996.347760
   16400     -63995.116322
   16420     -64001.047999
   16440     -64004.340317
   16460     -64002.725956
   16480     -64011.313616
   16500     -64013.587482
   16520     -64011.648796
   16540     -64017.324221
   16560     -64018.153759
   16580     -64018.574736
   16600     -64016.161449
   16620     -64023.516208
   16640     -64029.334152
   16660     -64030.167161
   16680     -64029.377971
   16700     -64032.044354
   16720     -64033.448056
   16740     -64031.615601
   16760     -64041.879880
   16780     -64042.021826
   16800     -64032.729269
   16820     -64042.479012
   16840     -64044.298210
   16860     -64050.899284
   16880     -64055.576614
   16900     -64052.310670
   16920     -64052.922311
   16940     -64051.414636
   16960     -64056.392833
   16980     -64065.440782
   17000     -64066.198182
   17020     -64059.441601
   17040     -64057.699648
   17060     -64058.262713
   17080     -64065.310031
   17100     -64054.004735
   17120     -64056.652503
   17140     -64056.725800
   17160     -64067.416596
   17180     -64071.986329
   17200     -64063.608156
   17220     -64077.109231
   17240     -64079.062082
   17260     -64079.173329
   17280     -64077.598553
   17300     -64073.615541
   17320     -64072.211922
   17340     -64075.926367
   17360     -64080.454078
   17380     -64081.149255
   17400     -64075.920210
   17420     -64077.330195
   17440     -64082.077142
   17460     -64072.564160
   17480     -64077.582532
   17500     -64091.710136
   17520     -64087.211850
   17540     -64086.655048
   17560     -64096.645711
   17580     -64103.682589
   17600     -64104.873840
   17620     -64100.234889
   17640     -64111.000366
   17660     -64106.598369
   17680     -64101.452733
   17700     -64111.787369
   17720     -64112.414400
   17740     -64108.081867
   17760     -64105.396355
   17780     -64112.815056
   17800     -64111.510743
   17820     -64113.183028
   17840     -64118.497646
   17860     -64115.047395
   17880     -64113.982152
   17900     -64107.385240
   17920     -64115.283675
   17940     -64119.054821
   17960     -64127.342288
   17980     -64125.543362
   18000     -64127.260020
   18020     -64125.544511
   18040     -64127.303371
   18060     -64126.862043
   18080     -64129.594183
   18100     -64140.306770
   18120     -64145.421664
   18140     -64137.482923
   18160     -64145.573560
   18180     -64141.358969
   18200     -64150.581817
   18220     -64153.772264
   18240     -64154.573998
   18260     -64156.842196
   18280     -64157.470467
   18300     -64156.884106
   18320     -64165.641653
   18340     -64161.240896
   18360     -64166.260830
   18380     -64166.837376
   18400     -64163.334345
   18420     -64170.806176
   18440     -64174.326460
   18460     -64175.693247
   18480     -64168.954823
   18500     -64179.246666
   18520     -64174.102935
   18540     -64169.303366
   18560     -64175.332944
   18580     -64169.963121
   18600     -64174.546380
   18620     -64181.766295
   18640     -64180.421028
   18660     -64180.890918
   18680     -64184.037706
   18700     -64190.585417
   18720     -64185.923016
   18740     -64183.849610
   18760     -64177.703160
   18780     -64173.847613
   18800     -64189.040967
   18820     -64201.513802
   18840     -64197.538249
   18860     -64199.082336
   18880     -64201.839882
   18900     -64200.687346
   18920     -64204.865509
   18940     -64216.324142
   18960     -64227.218940
   18980     -64232.679809
   19000     -64239.087167
   19020     -64246.312595
   19040     -64256.183153
   19060     -64249.021911
   19080     -64249.710124
   19100     -64252.746921
   19120     -64268.013049
   19140     -64272.046067
   19160     -64272.012836
   19180     -64278.313941
   19200     -64271.915918
   19220     -64285.381854
   19240     -64287.339890
   19260     -64287.816023
   19280     -64283.645653
   19300     -64279.500279
   19320     -64291.071051
   19340     -64289.172220
   19360     -64293.988399
   19380     -64301.276565
   19400     -64296.478871
   19420     -64301.593643
   19440     -64289.893932
   19460     -64305.016986
   19480     -64309.951203
   19500     -64308.984722
   19520     -64319.377533
   19540     -64319.361339
   19560     -64317.571812
   19580     -64307.689996
   19600     -64322.662512
   19620     -64327.229863
   19640     -64322.965582
   19660     -64333.264021
   19680     -64325.128818
   19700     -64338.986562
   19720     -64332.420254
   19740     -64330.057736
   19760     -64332.240994
   19780     -64333.557881
   19800     -64325.726937
   19820     -64329.223759
   19840     -64330.688041
   19860     -64339.687156
   19880     -64338.121993
   19900     -64338.339316
   19920     -64338.662787
   19940     -64337.616384
   19960     -64347.164480
   19980     -64352.003160
   20000     -64361.184261
   20020     -64364.728047
   20040     -64370.575434
   20060     -64366.969802
   20080     -64359.818753
   20100     -64359.945306
   20120     -64363.047547
   20140     -64359.519922
   20160     -64365.252519
   20180     -64364.407565
   20200     -64361.480173
   20220     -64363.031865
   20240     -64364.014824
   20260     -64368.702888
   20280     -64362.965159
   20300     -64368.958577
   20320     -64363.822730
   20340     -64365.404381
   20360     -64377.036825
   20380     -64375.268175
   20400     -64374.512516
   20420     -64376.769511
   20440     -64377.664028
   20460     -64377.128696
   20480     -64378.776654
   20500     -64375.613624
   20520     -64381.054196
   20540     -64375.862241
   20560     -64382.091879
   20580     -64379.434680
   20600     -64380.152526
   20620     -64370.337471
   20640     -64374.406528
   20660     -64380.456993
   20680     -64377.674302
   20700     -64385.199202
   20720     -64389.951075
   20740     -64386.871734
   20760     -64385.397880
   20780     -64382.044088
   20800     -64385.747707
   20820     -64384.634422
   20840     -64388.949627
   20860     -64395.110756
   20880     -64395.441537
   20900     -64392.856432
   20920     -64395.714621
   20940     -64399.076820
   20960     -64399.876963
   20980     -64401.221510
   21000     -64405.040160
   21020     -64401.752404
   21040     -64407.264810
   21060     -64403.736481
   21080     -64398.999644
   21100     -64408.043877
   21120     -64408.792850
   21140     -64411.044956
   21160     -64408.686974
   21180     -64411.592285
   21200     -64408.652674
   21220     -64414.810560
   21240     -64417.068575
   21260     -64417.671707
   21280     -64411.917670
   21300     -64417.138470
   21320     -64416.097054
   21340     -64418.477866
   21360     -64416.532992
   21380     -64420.287671
   21400     -64426.636622
   21420     -64427.493018
   21440     -64425.293837
   21460     -64425.367000
   21480     -64429.120782
   21500     -64423.360913
   21520     -64429.534357
   21540     -64433.156899
   21560     -64436.793297
   21580     -64438.719588
   21600     -64437.192026
   21620     -64439.197837
   21640     -64443.691187
   21660     -64440.229666
   21680     -64443.606295
   21700     -64442.591216
   21720     -64440.811562
   21740     -64452.430717
   21760     -64447.978701
   21780     -64449.820719
   21800     -64453.319148
   21820     -64454.870565
   21840     -64453.648999
   21860     -64454.111811
   21880     -64454.808141
   21900     -64449.039844
   21920     -64458.431876
   21940     -64468.667827
   21960     -64466.906175
   21980     -64475.025147
   22000     -64463.807106
   22020     -64474.608154
   22040     -64467.895078
   22060     -64479.703257
   22080     -64469.646912
   22100     -64465.953962
   22120     -64462.019372
   22140     -64466.077327
   22160     -64472.254575
   22180     -64468.897859
   22200     -64475.504813
   22220     -64474.453116
   22240     -64480.232347
   22260     -64486.080304
   22280     -64475.882953
   22300     -64489.455891
   22320     -64488.903214
   22340     -64485.191909
   22360     -64485.543768
   22380     -64488.500261
   22400     -64473.521293
   22420     -64481.462773
   22440     -64482.151157
   22460     -64486.777457
   22480     -64490.296152
   22500     -64486.525767
   22520     -64485.800510
   22540     -64492.377728
   22560     -64488.181083
   22580     -64494.297467
   22600     -64495.948505
   22620     -64491.439905
   22640     -64495.958228
   22660     -64501.910883
   22680     -64501.841977
   22700     -64505.836477
   22720     -64504.476538
   22740     -64495.089147
   22760     -64485.785086
   22780     -64491.099248
   22800     -64495.751709
   22820     -64509.178169
   22840     -64511.525489
   22860     -64512.461529
   22880     -64520.256229
   22900     -64522.115973
   22920     -64530.350089
   22940     -64529.233441
   22960     -64524.881010
   22980     -64533.533000
   23000     -64540.764418
   23020     -64539.460338
   23040     -64531.915921
   23060     -64540.549790
   23080     -64538.308775
   23100     -64532.134792
   23120     -64533.703378
   23140     -64536.436183
   23160     -64538.718870
   23180     -64533.642263
   23200     -64543.818517
   23220     -64541.787531
   23240     -64535.592017
   23260     -64538.860026
   23280     -64538.056877
   23300     -64531.089466
   23320     -64544.030171
   23340     -64548.318003
   23360     -64531.262304
   23380     -64532.464859
   23400     -64537.847045
   23420     -64545.754585
   23440     -64542.262331
   23460     -64542.891303
   23480     -64551.187087
   23500     -64560.142498
   23520     -64563.855501
   23540     -64566.059940
   23560     -64570.333306
   23580     -64564.178176
   23600     -64563.809298
   23620     -64559.589694
   23640     -64564.661299
   23660     -64561.443330
   23680     -64564.376009
   23700     -64578.982918
   23720     -64572.634490
   23740     -64578.756058
   23760     -64578.307084
   23780     -64575.744408
   23800     -64579.943872
   23820     -64581.703409
   23840     -64580.400792
   23860     -64583.241597
   23880     -64580.260233
   23900     -64582.757380
   23920     -64581.490539
   23940     -64591.457456
   23960     -64587.636082
   23980     -64585.722231
   24000     -64589.823125
   24020     -64588.975910
   24040     -64581.701947
   24060     -64592.496305
   24080     -64588.466738
   24100     -64596.505264
   24120     -64590.736703
   24140     -64590.586483
   24160     -64601.393216
   24180     -64604.668709
   24200     -64594.607139
   24220     -64604.621718
   24240     -64604.644195
   24260     -64593.896982
   24280     -64610.834716
   24300     -64609.737935
   24320     -64609.038493
   24340     -64605.349936
   24360     -64608.568762
   24380     -64613.555780
   24400     -64614.144038
   24420     -64609.441695
   24440     -64607.297536
   24460     -64605.569769
   24480     -64600.688857
   24500     -64603.826614
   24520     -64610.599671
   24540     -64613.594562
   24560     -64608.489487
   24580     -64616.572950
   24600     -64612.440727
   24620     -64618.256764
   24640     -64615.822922
   24660     -64611.803470
   24680     -64612.114320
   24700     -64618.636110
   24720     -64622.254817
   24740     -64619.468354
   24760     -64620.340917
   24780     -64627.260755
   24800     -64623.645349
   24820     -64627.818187
   24840     -64617.115851
   24860     -64625.513536
   24880     -64630.257718
   24900     -64629.311807
   24920     -64638.809816
   24940     -64637.182198
   24960     -64644.925795
   24980     -64636.110685
   25000     -64634.374225
   25020     -64643.776101
   25040     -64644.361703
   25060     -64638.912961
   25080     -64633.478761
   25100     -64631.121318
   25120     -64627.727404
   25140     -64631.015105
   25160     -64628.051646
   25180     -64634.952783
   25200     -64637.894309
   25220     -64641.185037
   25240     -64652.498150
   25260     -64649.648693
   25280     -64651.281615
   25300     -64650.387914
   25320     -64653.894583
   25340     -64657.022582
   25360     -64653.917060
   25380     -64649.842070
   25400     -64654.802956
   25420     -64655.555042
   25440     -64651.256693
   25460     -64648.083765
   25480     -64646.598679
   25500     -64661.642581
   25520     -64665.207200
   25540     -64660.683468
   25560     -64652.986044
   25580     -64663.085385
   25600     -64655.523396
   25620     -64660.615055
   25640     -64673.511413
   25660     -64669.729635
   25680     -64671.135351
   25700     -64672.812339
   25720     -64669.990234
   25740     -64676.976184
   25760     -64667.638029
   25780     -64675.600143
   25800     -64684.953542
   25820     -64675.106424
   25840     -64687.477670
   25860     -64679.377399
   25880     -64686.325779
   25900     -64693.021289
   25920     -64681.199195
   25940     -64686.689145
   25960     -64687.201809
   25980     -64695.269347
   26000     -64689.500313
   26020     -64685.589274
   26040     -64689.005645
   26060     -64684.678126
   26080     -64687.511549
   26100     -64690.700066
   26120     -64696.904944
   26140     -64694.003517
   26160     -64694.696555
   26180     -64701.381028
   26200     -64697.320466
   26220     -64698.931218
   26240     -64696.566962
   26260     -64698.482034
   26280     -64700.502077
   26300     -64693.410615
   26320     -64697.913132
   26340     -64704.905308
   26360     -64696.573735
   26380     -64693.578419
   26400     -64702.172668
   26420     -64699.968370
   26440     -64708.639688
   26460     -64710.535098
   26480     -64710.362337
   26500     -64706.357431
   26520     -64713.646024
   26540     -64716.616815
   26560     -64719.773322
   26580     -64716.523085
   26600     -64705.360623
   26620     -64708.706265
   26640     -64721.018670
   26660     -64721.083871
   26680     -64728.183282
   26700     -64724.413151
   26720     -64719.795862
   26740     -64728.455371
   26760     -64717.694594
   26780     -64720.625747
   26800     -64714.585884
   26820     -64706.677013
   26840     -64719.209584
   26860     -64715.658664
   26880     -64718.259592
   26900     -64728.483865
   26920     -64729.180901
   26940     -64730.764956
   26960     -64734.369218
   26980     -64730.043120
   27000     -64733.524154
   27020     -64728.732378
   27040     -64729.179469
   27060     -64737.756483
   27080     -64737.028599
   27100     -64741.052483
   27120     -64741.023414
   27140     -64742.440360
   27160     -64744.904307
   27180     -64743.706959
   27200     -64754.953857
   27220     -64752.671494
   27240     -64751.692493
   27260     -64754.397710
   27280     -64753.360504
   27300     -64751.105697
   27320     -64753.242896
   27340     -64757.821127
   27360     -64753.669653
   27380     -64754.121462
   27400     -64750.056362
   27420     -64747.271694
   27440     -64753.108344
   27460     -64748.755956
   27480     -64747.542625
   27500     -64745.287290
   27520     -64749.218808
   27540     -64752.788436
   27560     -64751.992993
   27580     -64762.480139
   27600     -64763.430271
   27620     -64758.223907
   27640     -64759.424507
   27660     -64757.401108
   27680     -64755.778256
   27700     -64754.284858
   27720     -64744.674001
   27740     -64746.676459
   27760     -64751.468523
   27780     -64753.157724
   27800     -64756.696032
   27820     -64753.773649
   27840     -64762.279464
   27860     -64766.733821
   27880     -64763.805800
   27900     -64766.860012
   27920     -64767.066021
   27940     -64762.926035
   27960     -64768.271021
   27980     -64769.053011
   28000     -64766.509242
   28020     -64769.096050
   28040     -64764.587118
   28060     -64779.026544
   28080     -64782.477866
   28100     -64785.316490
   28120     -64785.999822
   28140     -64785.170828
   28160     -64801.959191
   28180     -64803.662583
   28200     -64804.543185
   28220     -64806.223790
   28240     -64799.103744
   28260     -64798.625954
   28280     -64802.521751
   28300     -64800.025783
   28320     -64800.671776
   28340     -64803.146325
   28360     -64804.429065
   28380     -64807.419416
   28400     -64814.338614
   28420     -64816.686550
   28440     -64816.485428
   28460     -64825.219424
   28480     -64821.133482
   28500     -64811.832990
   28520     -64818.747822
   28540     -64819.911407
   28560     -64818.237593
   28580     -64828.859483
   28600     -64820.360213
   28620     -64826.438384
   28640     -64824.100754
   28660     -64816.544925
   28680     -64826.922079
   28700     -64831.274387
   28720     -64824.785551
   28740     -64824.610130
   28760     -64825.038230
   28780     -64828.600549
   28800     -64825.141904
   28820     -64825.982579
   28840     -64827.118770
   28860     -64830.569769
   28880     -64832.369622
   28900     -64844.181878
   28920     -64842.129677
   28940     -64838.813470
   28960     -64832.182958
   28980     -64832.696225
   29000     -64846.316936
   29020     -64845.899232
   29040     -64849.723738
   29060     -64853.916589
   29080     -64855.190517
   29100     -64845.708279
   29120     -64855.740744
   29140     -64854.232366
   29160     -64865.945060
   29180     -64858.556745
   29200     -64857.925519
   29220     -64862.146967
   29240     -64858.239647
   29260     -64854.522744
   29280     -64851.645370
   29300     -64856.252028
   29320     -64856.092855
   29340     -64866.131085
   29360     -64874.520752
   29380     -64872.271862
   29400     -64874.496876
   29420     -64876.044636
   29440     -64869.974455
   29460     -64880.328707
   29480     -64873.912310
   29500     -64878.691392
   29520     -64872.461446
   29540     -64874.757509
   29560     -64870.760172
   29580     -64879.076864
   29600     -64880.940798
   29620     -64884.079423
   29640     -64885.006444
   29660     -64895.737335
   29680     -64891.060835
   29700     -64894.909748
   29720     -64890.571311
   29740     -64892.052745
   29760     -64891.604894
   29780     -64886.552899
   29800     -64891.531807
   29820     -64895.349819
   29840     -64891.211555
   29860     -64902.010346
   29880     -64909.029617
   29900     -64900.006381
   29920     -64903.401852
   29940     -64896.486150
   29960     -64901.420751
   29980     -64903.913219
   30000     -64906.875799
